question_id,member_id,question,其它,完成式,連接詞,假設語氣,分詞,進行式,過去式,未來式,關係代名詞,不定詞,名詞子句,被動,介係詞
37220,85704,My day......say I'm 兩個主詞中間怎無連接詞??,0.000415490786431,0.000439414259473,0.560095929454,0.00106396814745,0.000301275808331,0.000487158605277,0.00042368223135,0.000448023218911,0.43488411769,0.000346186612193,0.000663154959564,0.00034718528014,8.44129470538e-05
36649,85704,people who.....harder and people who....easier 中間有連接詞 and了，可以省略關係代名詞who嗎??? people....harder and people......easier.,0.000165442599832,0.000902164445271,0.363512607132,0.00030782046655,0.00275799491734,0.000410542634874,0.00114276266698,0.00138360531511,0.62460703712,0.0035051424616,0.000380012878023,0.000484432759179,0.000440434603497
35509,88328,he makes tons of money performing in American movies. 請問為什麼performing不是加in American movies後面，且這樣不是很容易誤解makes的受詞到底是tons of money還是performing ,0.00067225723162,0.00402544695382,0.167806093785,0.00121300927806,0.0664825700659,0.00276589900043,0.00090538141413,0.00127634264295,0.0444263491917,0.00812595445974,0.686403495617,0.00127886404459,0.0146183363151
67029,90504,請問這一句中的that是關係代名詞嗎? 是的話可以省略嗎? 可以變成:I've heard you're making.........嗎?,0.000413446799196,0.00111014710693,0.491817189658,0.000580440253292,0.000422171194868,0.000732193138752,0.000164197961016,0.00054584200126,0.502898628945,0.000221173773053,0.000233627559628,0.000813346862335,4.75947468667e-05
5550,12945,為什麼 the way 後面加上 in,0.000218845997598,0.00093316566606,0.00215976709785,0.000857431209547,0.00162264373652,0.010197504752,0.00163013071408,0.0004025992772,0.382298138459,0.00133781970778,0.000814780138436,0.0073919111235,0.59013526212
20254,78368," the way in which native speakers of any language are speaking  這句的文法不懂,可否解釋一下 謝謝",0.000216852009602,0.00104200123433,0.00223900079761,0.000894511274911,0.00174217487743,0.0136255592894,0.00176044086231,0.000378282798244,0.453007767056,0.00119542917211,0.000850845921773,0.0067764349532,0.516270699753
66195,99238,我不懂 on which to這裡的用法是怎麼回事，謝謝,0.000361143253215,0.00108310798599,0.00655772620325,0.000908024065308,0.0060563534595,0.00298602627168,0.00332218428366,0.00154600499923,0.154261995145,0.00326778829853,0.000753111809855,0.00855019070937,0.810346343515
32633,75204,"可以寫成 imaging that you're a customer ""to visit"" your business for the first time.",0.000356112098939,0.000957664897243,0.00178956525339,0.0014057600816,0.0206593635459,0.00323233854522,0.000238249227798,0.000764083217493,0.930857519827,0.00825943155934,0.0115925818799,0.00544249858968,0.014444831276
21668,75204,"其他句子問題:  ""in""為什麼要出現在那裏?   The only way you can develop an ear is to listen to the way “in” which native speakers of any language are speaking, and begin to imitate.",0.000223873822846,0.000938278040946,0.0026222552598,0.000830966410758,0.00122983839032,0.0141048242864,0.00177858609933,0.000480618339513,0.412787455804,0.00266153114616,0.000885408266207,0.0055994885376,0.555856875597
5038,62404,"The only way you can  develop an ear is to listen to the way in which  native speakers of any language are speaking, and begin to imitate. 這邊用in which的意思是什麼 改成where感覺也怪怪的",0.000172301180614,0.000627843339412,0.00120101287202,0.000581697363982,0.000693549103775,0.00957549375738,0.000744149736061,0.000352676281716,0.611356114723,0.00166321127728,0.000572083114553,0.00338472550371,0.369075141747
41782,87344,這裡為甚麼用whom?,0.000350962954354,0.00386497547489,0.00927875088806,0.00165387849367,0.0165351624963,0.00239098667438,0.0437882085891,0.00129266593117,0.72450902681,0.00404910020185,0.00283845521752,0.00415982950362,0.185287996765
10551,68274,我想了解為什麼And I think that any job interview where<-為什麼是用where來當連接詞用~ ,0.000366288376544,0.00342786150547,0.0712090446951,0.000903930183868,0.0141342661673,0.00157429597332,0.0036100253903,0.000810220265004,0.885713371495,0.00284458620612,0.00518576136281,0.00112378584938,0.00909656252941
18442,77760,"The only way you can develop an ear is to listen to the way in which native speakers of any language are speaking, and begin to imitate. 請問這裡的listen to the way in which native speakers 的which 可以省略嗎  可以舉其他例子給我嗎 謝謝！！",0.000205384333701,0.000793162968722,0.0018980142932,0.000740099492497,0.0012012727847,0.0117227804567,0.00147529936729,0.000445835450313,0.493791697026,0.00241823521438,0.000847822362169,0.00546150586757,0.478998890383
75095,87413,請問on which 的用法?,0.000363795294241,0.00112203241743,0.00726806149446,0.000930332867531,0.00679209834749,0.00281201691771,0.00376946981434,0.00146100685651,0.159643347889,0.00227704851287,0.000816797922705,0.00912219605703,0.803621795609
45129,87413,visiting your business for the first time是名詞子句嗎? ,0.000325804088428,0.00106212585045,0.00466717436669,0.00122112575243,0.00316493143663,0.00198804890366,0.00178567539075,0.000722220342596,0.705163479792,0.00445818477877,0.101278014568,0.00460270582827,0.169560508902
35210,86682,1.這邊in which的甚麼意思? 或句型? 2.native speakers of any language are speaking又是甚麼意思?,0.000230334694074,0.00134380181176,0.00235899191813,0.00104975549023,0.00232137571591,0.0240818932754,0.0016428995544,0.000513154041509,0.506774242511,0.00120494032969,0.0011532135897,0.00528478713135,0.452040609937
115401,91662,you'll realize the definition of success changes. 是省略關係代名詞嗎?,0.000547309559136,0.00183976729435,0.66439429441,0.000836931878418,0.0027021269216,0.00216034497553,0.00167729020283,0.00135296641659,0.309185666651,0.000966353009949,0.0096968529611,0.00224997479034,0.00239012092902
76922,91662,Classics corridor down which I ventured at the age of 18  這裡的which是指Classics corridor嗎? ,0.000500441517579,0.00372108918632,0.0130214024998,0.00148334541204,0.00348486294447,0.00550390869066,0.0147260846472,0.00105282732719,0.379466428632,0.00215142696629,0.00420558241004,0.00644588786228,0.564236711904
57206,91662,nd the desperate lengths to which men will go to achieve what they think they want. to which 介係詞+關係代名詞 我能理解這用法 但是為何要這樣用呢?或是何時該這樣用? ,0.000562838699095,0.00186270480849,0.00386695755015,0.00118838547941,0.00222421451887,0.00544569534781,0.0106182835546,0.0170041713952,0.866058447475,0.0138804046739,0.0173360593311,0.00217774544249,0.0577740917235
19750,59745,creat + ing 是動詞當主詞?,0.000155168340058,0.000498928525182,0.00244948383234,0.000493744494299,0.401213110461,0.00107565626186,0.000663188363088,0.000294712024665,0.588683616786,0.00118927963464,0.00063064006815,0.0017663327287,0.000886138480308
7444,59745,both of which 可以換成 both of that?,0.00078676626878,0.00167360262606,0.0135176362032,0.000760186201485,0.0010031450741,0.00226636722324,0.00388260159479,0.000711294695324,0.918466003936,0.00106108780804,0.000955852952125,0.00218681208175,0.0527286433349
3577,59745,in which 的 in是代表甚麼意思?? ,0.000188071396557,0.000760377470385,0.00150237366545,0.000727328036224,0.00126966199621,0.00903853949716,0.00108940236323,0.000368197337276,0.450827889163,0.00102538847664,0.000587059663884,0.00524628717284,0.527369423761
119291,13874,"in which 在這邊是指關係代名詞嗎?  用native speakers of any language are speaking來解釋""Way""   不清楚in Which的使用方式!!",0.000258446982608,0.00130525432853,0.00164134282663,0.000975805666551,0.000771842264223,0.00876536482032,0.00180715264366,0.00040282929855,0.637769684742,0.00106516552504,0.00170392002656,0.00660272997964,0.336930460895
18332,77663,為什麼which前面要加in?謝謝,0.000196596069457,0.000821655841249,0.00167521533809,0.000734118053664,0.00145350308998,0.0100272396378,0.00132501319046,0.000370817329146,0.501505999782,0.00112342903041,0.000624099994796,0.00533982411628,0.474802488527
2845,57022,"The only way you can  develop an ear is to listen to the way in which native speakers of any language are speaking, and begin to imitate. 為何to listen 後面是加to the way in which?不太懂整句的文法 謝謝",0.000219431929042,0.000924454538417,0.00201737028444,0.000795632710645,0.00113220504267,0.0141752423206,0.0015012841607,0.000481716381113,0.425145727747,0.00382181717873,0.000905542520931,0.00627355338295,0.542606021803
32629,89616,"why use ""in which"" not ""which""",0.000192834328463,0.000767985304555,0.0011589509828,0.000648344124696,0.00126311369652,0.0104854147391,0.00120097406756,0.000341053593285,0.666452198077,0.00101115267983,0.000651899833222,0.00453230705482,0.311293771518
35665,88207,請問 nothing with which to educate their children 可以改寫成 which to educate their children with nothing 嗎?,0.000248901121425,0.00183908439188,0.00796824979966,0.000851594740973,0.00335829975743,0.00921690684803,0.00553087225697,0.00121366328008,0.65790276025,0.00607718369177,0.000906125717586,0.0586513203012,0.246235037843
37293,53070,請問這邊in which 用法是何時可以用?如何判斷?,0.000189096139934,0.000771153964087,0.0012159745102,0.000656251798837,0.00116984961273,0.00925167332641,0.00104301241749,0.000315031172851,0.629660288836,0.000992370795732,0.000539468402102,0.00409813044082,0.350097698583
103917,93994,That is something on which to pride yourself這句倒裝的原型會是什麼樣子？,0.000646937348031,0.00169587789124,0.00491631011568,0.00108431328186,0.00715816588997,0.0057363778755,0.00325855728939,0.00148973064612,0.451575844103,0.00415163085768,0.00329898699966,0.00681448120014,0.508172786502
3565,59879,這裡的in which是什麼用法?,0.000200948303098,0.000847259295143,0.00169171421706,0.000825441037012,0.00141702740659,0.0100574344651,0.00117538301467,0.000378015717068,0.495042490561,0.001163290684,0.000645360814553,0.00610314937466,0.48045248511
7443,62470,請問在這句中，為什麼要加what， 還有我常不清楚，文章有時候忽然在句中要要加that、what… 是關係代名詞之類的嗎?有文法可以追尋嗎? 謝謝,0.000463893470486,0.00183391895934,0.304292670332,0.000946579997005,0.000558254715676,0.000606348032817,0.0016530791242,0.00129030541169,0.628395946755,0.000933309547502,0.0551885063449,0.00356182257759,0.000275364731216
13497,30822,是否可以改成both of them are different shades of gray? 又這邊使用which 是因為特殊用途  或其實是一種比較口語的用法呢?,0.000178130824242,0.000879827949761,0.459029893574,0.000536253395468,0.000617841200359,0.00101291970073,0.000823830097588,0.000460461120183,0.533386475611,0.000941858409759,0.000416929969594,0.0014779336844,0.000237644463268
120458,59916,這裏resembling可以跟like互換嗎？,0.00028809807104,0.00126089879041,0.00188902967765,0.0010615738591,0.0678658177095,0.00171873456043,0.000735098825888,0.000645677889906,0.901757686185,0.00111204855825,0.000469192480341,0.00251842012693,0.0186777232651
3042,58819,"您好： 請問這句You've got to train your ear to hear the different musical notes  as well as the  beats, the rhythms.  為什麼your ear的ear不用加s呢？謝謝！！",0.000771951195807,0.0412587335969,0.499224902259,0.00576941857465,0.013972103342,0.0101618481836,0.0350846309701,0.00392531565825,0.0761705132649,0.0264529076878,0.0214229674636,0.016891653488,0.248893054315
38932,91265,"為什麼是""in which"" 不是 ""which""",0.000188784309472,0.000742521412548,0.0011869555417,0.000638882915462,0.00116802656489,0.00959059524788,0.00109564814128,0.000326394446499,0.647505300231,0.000948106602805,0.000561739090526,0.00421629399074,0.331830751505
85075,92958," ""required amount 設取的量"". --&gt; 這樣寫語意上有比較順嗎？",0.000652737100977,0.000655688541766,0.00575013796371,0.000589445887518,0.0919718245723,0.00207838606981,0.00110494648704,0.00115294197971,0.868843709522,0.00217644986208,0.018646764797,0.00636159023332,1.53769826691e-05
5484,54475,請問 此句的that子句是當 a pet 的同位語嗎?謝謝,0.00107058447682,0.000650975173246,0.00696918482734,0.000726438719334,0.00679429552836,0.00101801630631,0.000644285544351,0.000975499914527,0.454756204753,0.00304767223783,0.518950889089,0.00127568611406,0.00312026731634
5249,54475,請問 including 前面是省略which嗎? 謝謝,0.000275388381068,0.00161854475831,0.263330303698,0.000668946667206,0.00181274494299,0.00143183123529,0.00504222134082,0.00106880983744,0.278122617521,0.000959386953696,0.000699123571194,0.00456950483178,0.440400576261
2250,54475,"The vast majority have practically nothing (nothing with which to educate their children, nothing with which to pay for basic medicines), while the richest one percent, they've accumulated 43 percent of our world's wealth.  which 是指The vast majority have practically nothing  這個嗎?",0.000286490799528,0.00263400253953,0.0102670009957,0.000832580819145,0.00267276573072,0.00647000885023,0.00330536792262,0.00112530344277,0.78934284987,0.00477212406406,0.00235337295893,0.0459674537924,0.129970678214
967,54475,"The only way you can develop an ear is to listen to the way in which native speakers of any language are speaking, and begin to imitate.  in which 在此句中是關係副詞嗎?",0.000222930055698,0.000975811354145,0.00266852135182,0.000837786633503,0.001304950349,0.0154640139009,0.00181410485148,0.000445108180773,0.460203711407,0.00270427360642,0.00110974613807,0.00537125824921,0.506877783922
42463,86672,in which是怎麼用的?,0.00019893154221,0.000847451381423,0.00179199160848,0.000772484466122,0.00144679662834,0.00967494304541,0.0012354032444,0.000382040439177,0.484547600409,0.00108803274374,0.000692379501127,0.0057634837667,0.491558461224
40791,92646,你好 請問in which的使用方式跟意思 謝謝,0.000185426177781,0.000743882375949,0.00120564697893,0.000637904953244,0.00116512243414,0.009210849327,0.00109986066632,0.000313750376241,0.628285824551,0.000969649207775,0.000551986776551,0.00412176236504,0.35150833381
82320,95542,forming a big part of everyday diets for two billion people around the world. 想問這句沒有動詞嗎?怎麼解釋?是名詞子句?,0.000354696931859,0.0020166447965,0.00342391745531,0.00099232054366,0.0625830726132,0.0034583661404,0.0021614276566,0.000804219221929,0.862841543412,0.0025031459429,0.0038466994448,0.00813494355642,0.046879002284
81412,95542,想請問lining是甚麼用法?前面有省略甚麼嗎?,0.000170790448827,0.000671290454415,0.0023012822371,0.000373179625953,0.422529356772,0.00104029090714,0.000189720495977,0.000432839792258,0.562729681654,0.000727096432798,0.000848206258784,0.00306474704939,0.00492151787189
80244,95542,"為什麼用 assessing ? In a sample of 45 countries assessing the proficiency in reading literacy of fourth-grade students,此句動詞在哪?",0.000482937934873,0.00164339663138,0.0112354386424,0.000812791910879,0.0260686119598,0.00248232282518,0.00401317710966,0.000751793495386,0.912783940981,0.00224572303988,0.0028124190426,0.00303631308261,0.0316311333442
79782,95542, tailored為什麼要加ed?,0.000418533106454,0.000726903558328,0.00698130358389,0.000715657224144,0.037478987223,0.00199813283614,0.00602765892619,0.000964920755264,0.911546884397,0.00493315230994,0.00246750671515,0.0245419772602,0.00119838210431
60782,95542,in which it undergoes three drying cycles of 20 minutes each 想問這句話原來是  which it undergoes three drying cycles of 20 minutes in each?,0.000270911629586,0.00530603210686,0.00723864180075,0.00126016945301,0.00354092224078,0.00775186978715,0.0105545620696,0.00204672639992,0.58701149887,0.0019402757463,0.00200683379285,0.0141074407519,0.356964115352
49256,95542,see all the places we call home 想問省略的That是名詞子句嗎?,0.00112262572172,0.000799472979329,0.00655887549515,0.000399950856152,0.0061901207286,0.000944785996642,0.00146844388999,0.000413619751929,0.637258480129,0.0014248912335,0.331648105948,0.00433828080397,0.00743234646649
104777,97114,請問是否也可寫為：Then they empty the barrel onto a sheet of muslin (that / which) lining the tub of a stainless steel press.,0.000559847588321,0.00188425695959,0.0158352677226,0.000867462379014,0.0965849038283,0.00255798036644,0.00144445031679,0.000894677271099,0.84497994952,0.00127450046722,0.00262192042561,0.00468357637466,0.0258112067804
75856,97114,請問句中的 curricula 後面是否有省略 that？,0.000456682919392,0.000953103418673,0.0160591604777,0.000974131436446,0.0533043284733,0.0030508126012,0.00267621884746,0.000811439202074,0.906100282761,0.00201585172662,0.00105267513114,0.0119110601325,0.000634252872743
121178,72151,請問 1)句中的that是指rocket fuel ? 2)help是因為在keep後面，所以才加ing?  3)helping前面可以加and，然後把help改成helps? 謝謝,0.00123443818187,0.00397034383944,0.126466870647,0.00216389093313,0.0988375477638,0.00278878423714,0.00485932757254,0.00246534370666,0.653224341327,0.0500004966509,0.00862321383332,0.0126730569535,0.032692344354
117639,72151,請問used前面為什麼不用加are表示be used to解釋成被用來當作是...... 謝謝! ,0.000322211351036,0.00191177389264,0.00345603968449,0.00185669071887,0.0824991656278,0.00353447346057,0.00794578801138,0.00101886215707,0.86595941801,0.0130665107987,0.000726436309941,0.0172076606818,0.000494969295904
86885,58544,"(1)句中""all of which""可以代換成""all of that""嗎？  (2)preserved in a time是補充說明a nostalgic love，前面省略了which；而 that neither of us can touch是修飾time，這樣理解對嗎？  (3)如果把""that neither of us can touch""改成"" , neither of us can touch""，這句就會變成是在補充說明nostalgic love，這樣理解對嗎？  which、that一直搞不清楚，尤其是句子很長很多逗點的時候......  ",0.000463231835158,0.000887985248662,0.161431626024,0.000714367963742,0.00246247933979,0.00157853376695,0.00562729060556,0.000691767742556,0.812468841052,0.00207243441398,0.00183809267075,0.00551821371658,0.00424513561989
15180,74932,請問 in which的字義及用法,0.000204040906573,0.000867254775576,0.00170225281545,0.000823994039231,0.00146118671521,0.0104197374733,0.00125238447579,0.000378924466619,0.499152434404,0.00114969904596,0.000635040774155,0.00609819582337,0.475854854285
30097,84442, in which 得文法可以講解一 下嗎?,0.000183707700812,0.000743285376479,0.00119788937492,0.000655171314373,0.00121357482636,0.00941849944175,0.00108410890722,0.000309274684207,0.622381255042,0.00097080215678,0.000534464658345,0.00383480296898,0.357473163547
100397,99795,"air後面加 being, 文法上如何解釋, 原來的句子是下列這樣的嗎? A piston engine also operates by air that is compressed and mixed with fuel.",0.000513025181624,0.0014064315049,0.0208555188317,0.000976059540038,0.280298941698,0.00557275146134,0.000428879839171,0.00121927286516,0.373351982791,0.00244508651317,0.00318067647145,0.298725937983,0.0110254353204
53730,99795,"in which native speakers of any language are speaking, 這句話的文法如何解晰?",0.000213663896217,0.00103093335651,0.00235687598829,0.000881831089275,0.00179567179405,0.0135386229399,0.00150028517981,0.00040462253617,0.434654969646,0.00111126295066,0.000938133526761,0.00575270636864,0.535820420728
36578,89452,in Which的用法,0.000189590117194,0.00075158871468,0.00118580832645,0.000665139991264,0.00117582947216,0.00933266068917,0.00101665476427,0.000319540540877,0.632936370463,0.0010147610091,0.000560819252048,0.00431116452618,0.346540072133
88544,84282, special process called non-enzymatic browning.  為什麼可以省略that is,0.000177323459699,0.000595184644537,0.000701126868132,0.000494865252753,0.500216053958,0.00212133330688,0.000679791027767,0.000532897309459,0.49244463393,0.000786693689351,0.000169403478745,0.0010766548303,4.03824417232e-06
102872,82894,請問that is...什麼時候可省略?,0.000281899997623,0.000154836019303,6.82360635946e-05,0.000430376719265,0.868375917573,0.00282934785714,0.000265146953035,0.000589414218027,0.124469658292,0.00141446824662,0.000427563161802,0.000693113509848,2.13890286207e-08
5366,62542,"您好.  請問這句""The only way you can develop an ear is to listen to the way in which native speakers of any language are speaking, and begin to imitate."" 裡面的""in which""該如何正確使用.  依據之前所學, which是特別針對前面提過的事情等作衍生解釋, 但何時只用""which"", 何時又需要加上""in""呢? Thanks, Amanda",0.000209897679948,0.000898293919486,0.00217591618273,0.0008685330264,0.00110560677508,0.0156956595152,0.00149200990586,0.000448853734551,0.506930705683,0.00229080256724,0.000961392964795,0.00626612320546,0.460656204841
7567,65344,請問此句的 in which為什麼要加in?,0.000191729263252,0.00078697973624,0.00152557612906,0.000736053450473,0.00133138772789,0.00935716170734,0.00120031855893,0.000366510008647,0.458029452554,0.00102146450083,0.000601374392917,0.00541442322192,0.519437568748
81495,94963,making animal and human life possible 為什麼這裡的make要加ing ,0.000219360014283,0.00113936141346,0.0160183396793,0.000765679620578,0.215207903339,0.00438954854803,0.00122957103473,0.000850128320396,0.755028118742,0.00158371543657,0.000506880859994,0.00208044335682,0.000980949635455
61896,94963,"something on which to pride yourself  why should it put ""on"" there between something and which?",0.000395519880054,0.00148970458973,0.00800549843674,0.0015026133402,0.0108290210387,0.00403438102823,0.0063115829195,0.00179873562534,0.0770759538204,0.00393369840914,0.000989178487214,0.00820629969145,0.875427812733
90923,96677,請問此句中的being，為什麼要使用ing型式?,0.00020625762197,0.000542936784849,0.00310278933343,0.000509806113071,0.404637265501,0.00114838894093,0.000100419811388,0.000455446250497,0.579017703567,0.000310284994919,0.000445908157051,0.00913230744606,0.000390485477451
32780,56115,the way in which 是否有詳細說明關於這段文字，謝謝,0.000248351993211,0.000696901841188,0.0089904080745,0.000501595269717,0.00124516033187,0.009164837835,0.00129387531693,0.000439148139936,0.406365162187,0.00226106067178,0.000750965656072,0.00462584618792,0.563416686495
17799,76908,"抱歉,再問一個問題 but the fact that she never really felt like she had fallen in love. 其中的she had fallen in love前面也是省了關係代名詞嗎?",0.000253297943278,0.003306625079,0.387881517728,0.000617860961729,0.00209404657714,0.00103083978015,0.00504078464794,0.000465152185465,0.593437707528,0.000944090132445,0.000273370614406,0.00113380283037,0.00352090399264
17328,76908,"1.請問that是表示關係代名詞嗎?? 謝謝~~ 2.When應該是表示 ""時間點""吧~~ 是嘛?? 謝謝",0.000442678485556,0.00154272145153,0.612221165318,0.00191282183536,0.00238697797075,0.00398749553878,0.00658458272528,0.00120708455846,0.357904019026,0.000822844517757,0.00791477264817,0.00256142838187,0.000511407542001
16994,76908,其中的in which是代表甚麼意思?? 謝謝~~,0.000197721840886,0.000821988242666,0.00161462860336,0.000757909956355,0.00158047944643,0.0104012033903,0.00126660841398,0.00037657763607,0.485750912773,0.00106816018229,0.000603700783017,0.00521722400508,0.490342884726
31462,88690,不太懂 in which 在這邊的用法，謝謝,0.000190214061248,0.000755662809158,0.00119334236595,0.000666232147917,0.00120127606938,0.00933115847905,0.00101420991749,0.000320745843669,0.63283529733,0.00101384471582,0.000563003487688,0.00447799486965,0.346437017903
58466,98328,介係詞on + which 原本的句子是什麼呢?,0.000385906872708,0.0012153076101,0.00705284872536,0.000904850302173,0.00811357912705,0.00390375163218,0.00206091314057,0.00148316994987,0.345944871995,0.00240031927371,0.000899316190388,0.00696962182929,0.618665543352
52812,98328,為什麼可以Be V +原形動詞呢 然後我還想問 in which的文法用法，之前上課有看到但我沒有及時發問><,0.000483081865842,0.00177410109203,0.010185613384,0.00391596899295,0.150549471712,0.192650254577,0.00151881813564,0.00349416652356,0.458138420574,0.0447114683375,0.00552512784182,0.0240599441535,0.102993562809
35270,73379,請問這裡用in which的文法，讓我不太懂，可以解釋嗎?而且in which可以改用that嗎?,0.000199596042997,0.000714727698879,0.00139485822845,0.000635067383273,0.000975698519514,0.00902185786885,0.000892069118655,0.000300802388083,0.638802673981,0.000852925112221,0.000547530114751,0.00390744432501,0.341754749218
15310,62556,這句的主詞是we 動詞是 do嗎?,0.000799787900298,0.00960657751454,0.0631541901039,0.00565855136464,0.0420668741136,0.00791710057799,0.1108350699,0.00507911380683,0.660276958524,0.0118070535803,0.00994019530531,0.0171242904003,0.0557342369082
13899,62556,這裡的if算是連接詞還是關代還是.....??,0.000269859256744,0.00111520331346,0.863706641563,0.0170155159082,0.000776053324069,0.00237632894228,0.000927660537793,0.00254418646966,0.108550749737,0.000520424742768,0.000309403089989,0.00187501689095,1.29562243877e-05
6451,62556,The only thing that wasn't perfect was our timing. 為什麼這句話有兩個was that在這裡是當連接詞嗎?,0.000663841575511,0.00305843747384,0.0572171603388,0.00213002363035,0.00223899394825,0.00361638109375,0.0768274970734,0.00111288033059,0.824352654976,0.0128608770132,0.00632242945524,0.00422230321982,0.00537651987145
27088,83016,為何Who is可省略,0.000217404708501,0.000185924479399,0.000128756976319,0.00376729703043,0.236308067963,0.00110311043292,0.00147936016423,0.000605497641893,0.750482357864,0.000696660549263,0.00082569104128,0.00418993386302,9.93728655796e-06
84883,102858,請問這裡的called為什麼是使用ed呢？,0.000380295839639,0.00101112086919,0.00253263341257,0.00079606217159,0.161764783849,0.00238241272855,0.00365758740491,0.000731502003147,0.816971839612,0.00219874177687,0.00160025384649,0.00592954355882,4.32229271456e-05
83459,102858,請問這裡的leading為什麼是使用ing呢？,0.000264293870745,0.00108817934623,0.00690445814501,0.000702173734665,0.221257133679,0.00285741847322,0.000939117518629,0.000764239527467,0.741676484598,0.00365329963199,0.000955115579385,0.00322225743189,0.0157158284637
79519,102858,on which to pride yourself 請問這是什麼特定用法嗎？不懂which 在這裡的用意是什麼？,0.000426565525851,0.00158645362336,0.00767937256668,0.000988669688282,0.00798863947582,0.00400440333253,0.00510509640439,0.00146301578975,0.155938809447,0.00301361934282,0.000976836066008,0.0108768141076,0.79995170463
76612,102858,請問這裡的forming為什麼是使用ing呢？,0.000246327943475,0.00138974388834,0.00220369991796,0.000834753258323,0.150644415484,0.00518031904419,0.00119132922192,0.000635288382295,0.820647492729,0.00124462216209,0.000586076076879,0.00810501332482,0.00709091856736
75474,102858,"請問這裡的accustomed,associated和disgusted 各代表什麼詞，又為什麼在這裡是這種用法呢？",0.000497650689208,0.00142483956826,0.00477666532003,0.00135069527136,0.128827193057,0.00556169794844,0.00367491562069,0.00124319394253,0.628947321671,0.00472335263814,0.00197161589135,0.213589516987,0.00341134139518
75473,102858,請問這裡的weaken為什麼是使用ing呢？,0.000237102564429,0.00106203596868,0.00367539962717,0.000652390319734,0.132227621161,0.00245618362671,0.00107302769671,0.000596417838312,0.852848797688,0.000443108221612,0.000597524631619,0.00207542056238,0.0020549700931
72513,102858,請問這裡的tailored是表示被動嗎？ 那後面的to是特定用法嗎？,0.000439335980916,0.00115363229415,0.00809602591409,0.00112928603135,0.0160062265656,0.00221152702769,0.00553870208456,0.000993327488814,0.797474626463,0.00901301532145,0.00233705419991,0.154179191495,0.00142804913412
72511,102858,請問這裡的allowing是表示主動還是動名詞呢？,0.000479210817334,0.00213037248146,0.0124088934381,0.00174767218785,0.0737737087357,0.00702243922913,0.00805596085256,0.00143806957302,0.780538824715,0.00288981443482,0.00113818730298,0.0284062879355,0.0799705582964
72510,102858,請問這裡的drawn up和executed是表示被動嗎？,0.000466500043189,0.0011161336983,0.0103844810159,0.00128318102264,0.0718899270777,0.0043987267674,0.00440880235442,0.00104689502717,0.810204630236,0.00261869236189,0.000866710724956,0.0901674439127,0.00114787575815
110869,62926,不好意思，請問為何這句的visiting 是用現在分詞?,0.0002573272689,0.00067053631814,0.000747255616649,0.00114600539324,0.164193588944,0.00282097407476,0.00024311036016,0.000647560373108,0.813580640952,0.0044846920702,0.00610848132214,0.00414487367401,0.000954953632468
110334,62926,請問stuck with是一個片語嗎?我查字典沒有看到類似(插入)這個意思的解釋。,0.000475241377212,0.00373433048186,0.00548413898831,0.00117159969793,0.658784032103,0.00290457082897,0.0211613373311,0.00155461118212,0.268530938338,0.00130220010598,0.00494611896061,0.0167262828499,0.013224597755
18121,62926,請問句首的to是什麼意思?  還有這裡的enough一定需要加to嗎? 雖然我查yahoo字典有enough to(足以)這個片噢，但是我的電子辭典卻找不到，這裡的enough是adj還是adv呢?  然後這裡的temperatures 和 cold 之間是否有省略掉that呢?,0.000597418924346,0.00327187310533,0.0939584881962,0.00227390284923,0.0113545205102,0.00501124120068,0.00908289197137,0.00311818989571,0.485104899339,0.0930508253858,0.00365324453657,0.01899951629,0.270522987796
13744,62926,(in which native speakers of any language are speaking)which不是關係代名詞嗎?連接前面的the way 為何要再加一個in,0.000223187742589,0.000832790333909,0.00474836361677,0.000757292707337,0.00129887395829,0.0113768967085,0.00122657663259,0.000376506919878,0.617167744445,0.0010476216512,0.000647250051499,0.00486295298317,0.355433942249
44032,93152,the person interviewing you中間不用加關代嗎？,0.000397916219153,0.00032310503461,0.00159050941211,0.000743637131356,0.207568716078,0.00242881606946,0.000315488875625,0.000755247923253,0.770245783785,0.00309254746428,0.00807440288034,0.00410489839162,0.000358930734764
70482,89754,Everyone thought that was a good idea 後面的關代是否為整句的受詞  that為子句的主詞呢?,0.00181191228477,0.0012126832341,0.0166709821269,0.000665105575361,0.0004514284737,0.000655349599268,0.00565460988675,0.00108500995772,0.178032271599,0.00192915044767,0.789244139071,0.00172707769831,0.000860280045282
49903,89754,we are the young lovers our older selves will someday reminisce about  1.是否名詞子句 省略what?  2.about是否有倒裝句構?,0.00124621128214,0.00297853741375,0.0262857292262,0.00185213070707,0.00515075963382,0.00412344200049,0.0133884772299,0.00630409123304,0.649596733429,0.00438285176488,0.0279480481733,0.0155684956964,0.24117449221
93310,70429,air being compressed 這,0.00023689997433,0.000915468927802,0.00458258622067,0.000707312486303,0.321418526405,0.00148831531712,0.000353339409271,0.000626317780739,0.640702074058,0.000532071721041,0.00075234921311,0.0268786120443,0.000806126441886
20880,63081,in which 的用法及常用方式,0.000200980379384,0.000882627410211,0.0017144076221,0.000811309836776,0.00142855677476,0.0102214924405,0.00131119578287,0.000394563171214,0.507518816353,0.00112447474675,0.00061409767825,0.00624599053439,0.46753148727
104172,92895,這裡enabling為何用動名詞,0.000151313461046,0.000278023700316,0.000231284028453,0.000343372249947,0.494373464468,0.000876642938624,1.41282276246e-05,0.000280263963187,0.502532960968,0.000200179942924,0.000120629493617,0.000421409944312,0.000176326614548
89358,92895,that is something on which to pride yourself 這句文法使用是否可解釋一下,0.00057271396814,0.00143766062733,0.00634210764574,0.000957695803558,0.00746430724865,0.00558487757068,0.00290957978578,0.00149673498305,0.253869681746,0.00398446697399,0.00168902714574,0.00854227915848,0.705148867342
8434,63236,請問 in which的用法為何？ 我找了一下網路上的講解  他是兩個句子的結合 是如此嗎？若是如此 請問又該如果拆解呢？,0.000206748907131,0.00092605035785,0.00255031140491,0.00092374836184,0.00153337955074,0.0100683489594,0.00136119520957,0.000403028256119,0.477825647834,0.0012104735594,0.000574761139908,0.00616242314057,0.496253883319
93248,90894,"The spokes are lightweight fiberglass, and the double canopy is made from breathable material (this is) coated to repel water.  請問這裡為什麼可以省略this is呢?",0.000336525512178,0.000566054448289,0.00646252579565,0.00119334058738,0.0489609936337,0.0026236175923,0.00140378551008,0.000920402590338,0.900934144268,0.00711015489029,0.00486742160091,0.0244914539643,0.000129579606663
1408,55510,way in which native speakers 可以省略which 寫成  way in native speakers?,0.000215030399069,0.000977799784394,0.00271723176388,0.00082343861473,0.00164313959339,0.00976876302453,0.00181074128768,0.000406847746693,0.489056025961,0.00131390429521,0.000844611518444,0.00626615406276,0.484156311948
3203,58332,he makes tons of money performing in American movies.  這句有點不太懂 performing in american movies 為什麼可以直接這樣用 文法看起來是沒錯 可是一般我要寫的話可能都是 he  performs in american movies and makes tons of money 實在很難把握動詞直接用動名詞修飾句子的時機 ,0.000878661138982,0.0125460557193,0.231596809578,0.00620391165627,0.0337732738507,0.0111887098159,0.0104293043546,0.00611601241822,0.571834924439,0.0248785679157,0.00370092469747,0.00418150484751,0.0826713395688
45810,57078,不好意思問一下 最後那個that 是關係代名詞嗎?  如果不是的話  那個that作用是?,0.00105354674897,0.00036442151535,0.618803037927,0.000219179359618,8.15277029518e-05,0.000231147821591,0.000262616010751,0.000412266106871,0.377655966543,9.57238482547e-05,0.000196032493154,0.000590480947831,3.40529740826e-05
7879,57078,"The only way you can  develop an ear is to listen to the way in which  native speakers of any language are speaking, and begin to imitate.  這裡的 in which  也是關係代名詞的用法嗎?",0.000197834835691,0.000750503836418,0.00127283847568,0.000693590489353,0.000919145338274,0.0120639480228,0.00110423877585,0.000406764953568,0.606341527112,0.00220432388618,0.000700437014157,0.00479859053942,0.36854625672
9067,66951,the way in which  native speakers of any language are speaking 這段話的句型是什麼?,0.000229990407808,0.00109115138965,0.00221936453076,0.000975480501762,0.00203150142592,0.0130437459795,0.00216231932102,0.000425259991712,0.460511884981,0.0012637938506,0.000914876461864,0.00672429646409,0.508406334695
103738,92648,A piston engine also operates by air being compressed and mixed with fuel.                                                                           ￣￣ 這個being是 形容詞子句 → 形容詞片語 的用法嘛？ 還是其他的情況？ A piston engine also operates by air which is compressed and mixed with fuel. 句子可以還原成這樣嘛？,0.000277225539113,0.000638068367162,0.00359404165815,0.000703296033596,0.180205529879,0.00220110741059,0.000149581907274,0.000714199467355,0.662541144238,0.00124128366166,0.00281988531604,0.143685012295,0.00122962422692
102380,92648,One of the many things I learned at the end of that Classics corridor down which I ventured at the age of 18 這邊的down which，是否為子句介係詞先行用法？  所以原文應該是 One of the many things I learned at the end of that Classics corridor which I ventured down at the age of 18,0.000405421439127,0.00179880155807,0.0116907230286,0.000775335909321,0.00079122464624,0.00310596264152,0.0069067622723,0.000498365182969,0.350725332323,0.00116067792432,0.00615687231793,0.00391350600084,0.612071014756
39308,63280,為何這裡的that was可以省略,0.00016624203926,0.000163154804108,0.000193627297342,0.000487550048063,0.496186105974,0.00152601710377,0.000503501915955,0.000348031136562,0.499661488073,0.000348428591105,8.73463951105e-05,0.000328299818488,2.0680300744e-07
7181,63280,in which這裡的in使只以什麼方式嗎 which是關係代名詞嗎',0.000176846023212,0.000660054198291,0.000974759669009,0.000601157710505,0.000925692527104,0.00746964019067,0.000834903160726,0.000336697745343,0.62137756574,0.000853803221831,0.00049704600795,0.00438201363269,0.360909820173
5181,63280,這裡為何使用by the way,0.000950793675397,0.00272033186095,0.0177257917176,0.00273910597885,0.0155500884545,0.00285669079465,0.0106809777285,0.00128872800269,0.648260131946,0.00238446123756,0.01385494893,0.261278467331,0.0197094823417
41129,93566,為何要用in which,0.00019893154221,0.000847451381423,0.00179199160848,0.000772484466122,0.00144679662834,0.00967494304541,0.0012354032444,0.000382040439177,0.484547600409,0.00108803274374,0.000692379501127,0.0057634837667,0.491558461224
85229,68269,assessing為什麼在這邊要加ing？,0.00053477994979,0.00146151351656,0.00840068537623,0.000671253518741,0.0461479642642,0.00275366330687,0.00125506003748,0.000665511892583,0.930452042254,0.00133255204889,0.00258045261588,0.00148019178977,0.0022643294288
65733,68269,為什麼要用on which?,0.00032609325745,0.00394681661531,0.00224846377505,0.000942660465955,0.00781726606541,0.00765086008068,0.00397210023653,0.000945346171176,0.829315011439,0.00134382972761,0.00358897177685,0.00262879940664,0.135273780982
2165,56764, the way in which  native speakers of any language are speaking 請問way之後的in  原本是在speak之後的嗎？,0.000232593230445,0.00113054771878,0.00284652485374,0.000896476276634,0.00193437163422,0.0144265697243,0.00204144892043,0.000401016281319,0.425909655789,0.00153504854551,0.00111570743451,0.00612329133544,0.541406748256
117920,86661,這裡為什麼leading是用動名詞呢？,0.000347382136203,0.00113379773235,0.00723864574617,0.000764186949639,0.165233707488,0.00247543669236,0.000892442133984,0.000873197417942,0.77387474006,0.00450589697832,0.00293658078543,0.00305613948945,0.0366678463901
111201,86661,這裡的on which 是什麼意思呀？,0.00032609325745,0.00394681661531,0.00224846377505,0.000942660465955,0.00781726606541,0.00765086008068,0.00397210023653,0.000945346171176,0.829315011439,0.00134382972761,0.00358897177685,0.00262879940664,0.135273780982
109754,86661,為什麼which前面要加on,0.000409655100666,0.00109199205073,0.00674539914032,0.000775744828354,0.00754775352725,0.00291648191136,0.00475430074444,0.00134176779705,0.171833207542,0.00215268626184,0.000833164194442,0.00734075259705,0.792257094304
24062,81478,in which是怎樣的用法呢?,0.000205590556801,0.000881174426719,0.001717102597,0.000823972280347,0.00153172780232,0.0103161032725,0.00121134463582,0.000380974554642,0.506430071005,0.00114566394622,0.00068440282507,0.00624803325375,0.468423838844
49818,75378,"(1)that with international travel,請問他的主詞是不是you被省略掉了,這樣的文法正確嗎? (2)It's important to understand that with international travel可以改成 With international travel is  important to understand嗎?改起來understand沒有受詞,怪怪的, 謝謝老師",0.000505459572337,0.00501528987734,0.0734962224272,0.00194328150572,0.00691444639445,0.00935268005215,0.0068276984369,0.00202799397458,0.0491711131112,0.00495179640013,0.00832388131877,0.0240345355012,0.807435601428
36581,75378,"nothing which to educate their children with, 請問可以不加with嗎?請問甚麼時候要加介係詞,甚麼時候不用? 謝謝老師",0.000225353536512,0.0014855322073,0.00590601254437,0.000723293506098,0.00202245058514,0.00871449688093,0.00369932399194,0.00106764088441,0.636755522872,0.0042601185966,0.000837613140955,0.0414166868852,0.292885954369
28858,75378," released 為什麼不寫成be  released ? 是因為前面有, 所以省略being嗎? 謝謝老師",0.000211411643799,0.000755204510394,0.000923601317375,0.00130987431946,0.0493962510224,0.00397827008453,0.000946674088981,0.000619629473589,0.914345661763,0.00460932593606,0.000257583237264,0.0225950381587,5.14744449192e-05
21601,75378,"The toys need an idea and a system built around it!這邊的built 為什麼是用過去分詞? 如果是被建立,是否有省略was? 謝謝老師",0.000321848655562,0.00298230664675,0.00968869520766,0.00239842805897,0.0163251540244,0.00419972671162,0.00771172259499,0.00102368184387,0.82008774849,0.00285151421982,0.00139032227376,0.129334282468,0.00168456880436
20881,75378,請問Ole received a letter saying that the wholesaler ? 為什麼這邊say是以動名詞出現?是因為  which was said? 謝謝老師,0.000474150249584,0.000773202488912,0.00268303866309,0.00122722030133,0.0524311232696,0.0020553796162,0.00738559695752,0.000550446990183,0.922439834362,0.00259758699514,0.00230800473726,0.0032063403507,0.00186807501873
18780,75378,請問 that I was living 的that在這是當連接詞(連接名詞子句) that I just couldn 的that在這是當關係代名詞 that way anymore的that在這是當形容詞 以上三的that的用法我都理解對嗎? 謝謝老師,0.00190477057987,0.000975501134341,0.612396570247,0.000420968329214,0.000326882906137,0.000745510931087,0.00250894677946,0.00041312263258,0.344634238204,0.00085896543944,0.033221105354,0.0014870193883,0.000106398074895
18651,75378,"請問這邊的when當關係代名詞還是連接詞呢? this was (the time)when,如果有省略the time,但省略先行詞很怪,這時就當關代 如果沒有(the time)的出現,那when就是連接詞 謝謝老師",0.000160259281982,0.000205414101089,0.521629644458,0.000845091078657,0.00101230656254,0.000283305478908,0.00313258096156,0.000288521953629,0.466736743114,0.00112401029014,0.000716951033227,0.00281561698195,0.00104955470398
18606,75378,"請問這邊to be called over 表達被動用法,為什麼不以was  called over, 而要以不定詞表達 謝謝老師",0.000544795565891,0.00265474470305,0.0120152373125,0.00402520552037,0.00138870549255,0.00605581359993,0.0128197321107,0.00207702434711,0.131800288255,0.594945283892,0.00121073292772,0.187662300987,0.0428001352872
18559,75378,"請問這邊的that應為名詞還是連接詞? 查奇摩字典that 當名詞為前面已提到的事, 但這邊的that感覺比較偏連接詞的解釋<引導表示願望或感歎的子句（主句常省略）> 謝謝老師",0.000920034189651,0.000978391824572,0.939587303149,0.000500714951444,0.000513555064419,0.00146977257101,0.000823526437435,0.00116390332973,0.0394681794139,0.00166774496818,0.0107940870097,0.0016673509573,0.000445436133774
18441,75378,請問這邊的that是關係代名詞嗎? 還是連接詞? 我覺得是連接詞 謝謝老師,0.000294633690768,0.000246107436107,0.484203891082,0.000329985184002,0.000154131512592,0.000231514657754,7.97155804286e-05,0.000296388370663,0.512408127812,0.000857878818412,0.000690507254643,0.000197878434778,9.24016650564e-06
18438,75378,請問這邊的兩個that詞性各為甚麼呢? (1)that I have gravitated towards.  that為 連接詞 (2)that I really enjoy. that為連接詞 謝謝老師 ,0.00102302582836,0.00156493357423,0.510287195866,0.000251131838775,0.000353305562612,0.000493716796659,0.00030520037548,0.000474592944233,0.48074430299,0.000831922253104,0.00339350712172,0.000231183783607,4.59810651969e-05
18437,75378,"請這本句的三個that的詞性各為什麼? (1)And I think that ,為關係代名詞 (2) that you spend with,為連接詞 (3) that spans almost ,為關係代名詞 請問正確嗎? 謝謝老師",0.000749097457551,0.000467465073824,0.483884734013,0.000350225757876,6.17373396604e-05,0.00056789090317,0.000304749185767,0.000359901807646,0.511831635126,0.000377458829878,0.000713214951358,0.000265279882107,6.66096714941e-05
18128,75378,"請問這邊的that應是當代名詞,它指的是? 另外advertising為什麼是動名詞,是由and which advertises 轉變而來的嗎? 為什麼可以這樣轉呢? 謝謝老師",0.00039537827948,0.000187857607013,0.498399771768,0.000169662632376,0.0011572362674,0.000243811976177,7.31413620133e-05,0.000244399910385,0.498097387949,0.000182705762924,0.000195714186341,0.000559580126709,9.3352171523e-05
16656,75378,"請問這邊的that為代名詞,那when的詞性呢?是連接詞對嗎?而that因為關係代名詞,其後一定要接一子句嗎? 謝謝老師",0.000592111647709,0.000266365032967,0.453727831132,0.000317637188885,7.05509308555e-05,0.000280500434321,0.000421791156336,0.000483570636956,0.540132611193,0.000332835931489,0.00314617735118,0.000209345175551,1.86721888502e-05
