question_id,member_id,question,其它,完成式,連接詞,假設語氣,分詞,進行式,過去式,未來式,關係代名詞,不定詞,名詞子句,被動,介係詞
60523,72151,請問文中won't是代表will not嗎?所以是未來式的否定句嗎? 謝謝!,0.000854826980386,0.00343362256126,0.0240122091609,0.00168333396503,0.0147607178144,0.00394510774431,0.00477213927463,0.855940000807,0.00459655666157,0.00235653779968,0.00701491006473,0.0118994253457,0.0647306118206
17944,62926,請問前面為何要加What?不加的話句子也通順啊!  還有前面的will和後面的will是什麼意思?我實在是搞不懂will使用的時機 ,0.00143199838261,0.00289576393683,0.12632545269,0.00293306358919,0.00584358057436,0.00871127005785,0.014520668039,0.7235067251,0.0329757523432,0.00293756625496,0.0651972915397,0.00731313620501,0.00540773128782
54326,78593,這個地方如果不用未來式，而是寫成It's really important for you會有差異嗎?,0.000511683921423,0.0145064596554,0.0168451334361,0.00323954043962,0.00726139951414,0.0215527968908,0.0343947992248,0.761263316494,0.0222485459791,0.00334874793945,0.00416161759348,0.0146125146044,0.0960534443077
119032,86661,這裡的it will not only be your proud families 這裡的will be 是什麼意思呢？,0.00137295465388,0.00947618858861,0.0355828179433,0.00326133471851,0.00734135421147,0.0386874575046,0.00672872029143,0.830517457457,0.00786280062343,0.00388945795792,0.00323208577627,0.0317034171347,0.0203439531392
49832,75378,"if假設用法,如果if子句是現在式,主要子句是未來式,這段的主要子句為什麼沒有看到未來式用法,還是這邊看成祈使句,他有未來的意義? 謝謝老師",0.000714027047467,0.00801867457864,0.027612021034,0.0361547228269,0.00455632591987,0.0054696399214,0.0286188816586,0.861429812168,0.00376045252581,0.00267339242848,0.0125456922165,0.00609150872573,0.00235484894869
49809,75378,"you ask this person  if they ""maybe wanna go out sometime?"" 請問這句的if是不是""不是使用假設用法"" 所以you ask仍是維持現在式,不是未來式 謝謝老師",0.000513988856053,0.00422967930018,0.10893034614,0.0842200039239,0.0099505950882,0.00758391763801,0.0203728864234,0.67927332597,0.00381605450983,0.0016206447708,0.00665651921386,0.0147368353081,0.0580952028575
34759,75378,"and will live 15 to 20 years 這邊應該是將一般情況,為什麼會用到未來式? 謝謝老師",0.0010719431649,0.00745757323824,0.0190494903009,0.00306603288315,0.00510603463404,0.00571068396292,0.0344242426322,0.761554635493,0.0100854450252,0.00512722161178,0.00309029601492,0.0288166502302,0.115439750808
29889,75378," it'll be okay.這邊回想過去,用未來式正確嗎? 謝謝老師",0.000417338439469,0.00306416379773,0.00883693200799,0.00171969685822,0.0029812630781,0.00514768020814,0.374002904839,0.580472140368,0.00325983547807,0.0019053534153,0.00123242844825,0.0141765799597,0.00278368310222
95215,93132,請問gotta 和gonna 要怎麼分？,0.000448373693835,0.0519612743567,0.0224835133613,0.00196922800346,0.0149395594664,0.0315476297543,0.173576511048,0.639321517683,0.00692703542659,0.0109781437124,0.00264703383899,0.00526329112143,0.0379368885332
21588,73812,想問為什麼最後一句要用won't (will not) 呢?,0.000662688582538,0.00701717371542,0.00891586119032,0.00409249932511,0.0135040229311,0.00805932427938,0.0319975883303,0.866450452834,0.00640495329561,0.00233674885316,0.00355061688314,0.01964092155,0.0273671482295
56742,99649,is about to = is going to嗎?,0.000404036894547,0.00231219654538,0.00471120035781,0.00238447179262,0.00226494192019,0.0221565601151,0.00687578475873,0.881308282881,0.00500044199146,0.0108889554561,0.00202155921436,0.00535060143672,0.0543209666358
17954,31026,is they'll retreaㄔ; they'll makethemselves. IS 前面主詞是什麼?   is they'll retreat . 是BE動詞後加上未來式? 不太了解,0.000715230658244,0.00197297041147,0.109612949098,0.00117900150686,0.0146161929947,0.0216975949375,0.00920133584769,0.769138355174,0.0273612009827,0.00555088947165,0.0119680777501,0.0174951317035,0.00949106946378
94292,90915,請問這裡的would都是過去未來式嗎?,0.000641099764303,0.000613313784338,0.00336063553325,0.00340565192854,0.0265693032224,0.00138621217358,0.399740433577,0.558984678257,0.00154981597129,0.000821524661656,0.000830706515325,0.00178741786791,0.00030920674309
88234,90915,I'll put your bag near the door so that you won't forget it. 請問此句的won't是過去未來式嗎?,0.000972840778343,0.00319040669538,0.0646185340862,0.004155978468,0.014561978578,0.0170265038404,0.0259202091189,0.84540902865,0.00602856018069,0.0012510213488,0.00624504575693,0.00298628107909,0.00763361141877
73258,90915,這裡的would是過去未來式的意思嗎還是這裡是當其他意思??,0.000469971812293,0.00203448944565,0.0101009198758,0.00202350426713,0.0304537542508,0.000918183575233,0.187525892822,0.705681910239,0.00457577991403,0.000902474676105,0.000848567325136,0.0101076827515,0.0443568690458
50900,93783, it's about to get a lot harder. 如果寫成it's going to get a lot harder 或 it will be to get a lot harder意思一樣嗎?,0.000628221017018,0.00397715123491,0.00824670896536,0.00321394254343,0.00394061739469,0.0185350468004,0.0112558111602,0.881802693291,0.00425065687812,0.0147903376011,0.00184104970065,0.00804381274443,0.0394739506684
33962,86983,為何you spend on those a week. 不是用未來式? you'll spend on those a week,0.000473775566429,0.00387899266526,0.00338453401004,0.00121909416353,0.010652335713,0.0147843779764,0.0230420512608,0.813176940613,0.0121034350474,0.00196891090307,0.00136728930007,0.00733971839551,0.106608544385
46028,92900,What  have you got to  lose?為何不說：What will you get to lose?,0.000743127454812,0.0458929338886,0.0248993723744,0.0023020886094,0.0353851357279,0.0107922879205,0.00645514036483,0.785172086711,0.012656582511,0.0167469040397,0.0127842202312,0.00817239333122,0.0379977268357
28767,81282,請問 be about to 和 be going to 是一樣的嗎？謝謝,0.00042365096221,0.00172407613385,0.00452098534606,0.00340574244834,0.00313112760209,0.0152268910904,0.00699995899421,0.900684445368,0.00607806664549,0.0116029235814,0.00147769875013,0.00811309187367,0.0366113412043
49642,96029,請問be about to是否在用法上與be going to完全一樣?若不同能否請老師舉例協助了解。,0.000417393778459,0.00238407552465,0.00491475543533,0.00364106216565,0.003022500972,0.0151110156504,0.00646428809936,0.892832987334,0.00585694990252,0.0109466447735,0.00147416258573,0.00966027129581,0.0432738924826
54509,57352,"be going to     and     be about to do something  都是即將要做某事，那在這句 Life'snot always easy,  and,   in fact, it's about to get a lot harder.  可以換成 it's going to get a lot harder 嗎?",0.000477817460384,0.00320934913617,0.008208488045,0.00240330030967,0.00254686453819,0.0231697120057,0.00722850976124,0.873851931414,0.00558099014588,0.0188132546736,0.001275627424,0.00718993951858,0.0460442155673
35885,63865,老師你好  之前好像有學過 be going to do  something ?  意思也是即將要做某事  請問這跟 be  about  to do  something   在用法上有什麼不同嗎?  謝謝,0.000527851391237,0.00178608092759,0.00454949357182,0.00369582255347,0.0035792199588,0.0136917516929,0.0134179094549,0.898434913691,0.00395784852313,0.0137601871297,0.00177647911255,0.00931725366427,0.0315051883283
19333,77902,"此句若改為以下表達(未來式改為現在式)，在意思上有何不同? Many people think of answers to questions, but they don't actually practice verbalizing, and we really need to practice verbalizing answers.",0.000431901351381,0.00737628388814,0.0142605761205,0.00115746187353,0.025861108194,0.0238734107793,0.0173995372611,0.842619126557,0.00659935718066,0.00328726932326,0.00112472910503,0.00617680560322,0.0498324327624
61515,100901,為什麼這邊要用Will提問,0.000788839215227,0.00764888886381,0.0159154211914,0.00271329517313,0.0106852327492,0.00501192938061,0.0259225844705,0.837080874951,0.010368383559,0.00196219026945,0.00290040251671,0.0185738295817,0.0604281280781
117416,92874,how  ~ will be 是什麼樣的句型？ 為什麼   will be 後面不用接 動詞或名詞？ ,0.00214915458429,0.00184541212499,0.0586087442795,0.0084755272236,0.0102579154874,0.00987291264862,0.0126962649967,0.655828367756,0.00743717071372,0.00767368739128,0.199034653293,0.0232390269295,0.00288116257151
46092,84685,請問be going to和be about to兩者用法的差別  謝謝,0.000429452022546,0.00189638641173,0.00441862764776,0.00363970779718,0.00291030355815,0.0181475247677,0.00536307336795,0.898114829523,0.00680210230122,0.0137112878132,0.0014579007993,0.00813041609811,0.0349783878927
42368,53896,be about to 與 be going to 有差別嗎? ,0.000434966272002,0.00199340547827,0.00514514158287,0.00332335385406,0.00304310048598,0.0149983635753,0.00589329938384,0.891424984521,0.00688077610902,0.0128986741009,0.00163034106538,0.00919151298845,0.0431420805832
28384,16863,請問  在此的be about to do something 算是未來式嗎? 是口語用法嗎? 跟be going to do something 意思一模一樣嗎? ,0.000567133123925,0.00160060176542,0.00422712585734,0.0035239418131,0.00350064350215,0.0104608775342,0.00758125513692,0.922842672499,0.00435121687267,0.0127305228922,0.00163509468962,0.00815722203183,0.0188216922813
38134,89916,as soon as的時態用法為何?是在子句內為現在式，主要子句為未來式 那用於過去時態該如何使用,0.000554192748311,0.00675757664393,0.019359641615,0.00265193922222,0.00896931265229,0.00472586933113,0.209575375829,0.702801667839,0.00177204876045,0.00752611657753,0.0156653318626,0.00477378427233,0.0148671426466
64051,96621,老師請問這邊我不知道為什麼用Will開頭，是強調未來的實態嗎？這邊我一直以為是Is there a deep talent pool? ,0.000724820636011,0.0114254516472,0.0150183326864,0.0107762168873,0.00553133444876,0.0381309352483,0.0877103993036,0.782927100943,0.00362728976021,0.00278787312836,0.00353337723228,0.0130570291335,0.0247498389455
30104,84896,為什麼~~這段話在講未來的事情~~在you're going to meet.....不適用you'll(you will),0.00119902343478,0.00218765505537,0.00935692285558,0.00347232135293,0.00471172750351,0.0772594574018,0.00956732015243,0.85497209932,0.00236468049073,0.0110184841096,0.00432010707901,0.0123515818365,0.00721861940721
28084,84896,在口語上，甚麼時候要用be+going to這樣的說法?,0.000389626802649,0.00333492757317,0.0142868114383,0.00293263730545,0.019236382536,0.0196957668697,0.0106704388016,0.85180957417,0.00652431765279,0.0061055922651,0.000988791600839,0.0119782449952,0.0520468879897
16087,67643,為什麼這裡的句型是用are going to be 未來式? 謝謝!,0.000497674473839,0.002548705098,0.00778549556191,0.00113480906456,0.00636167857171,0.0805290531577,0.00289277780716,0.827921266399,0.0144693033143,0.00380531914596,0.000992195020034,0.0299739693864,0.0210877529998
21590,73812,請問只要有as 什麼什麼，後面一定是用will嗎? as .......  something/somebody will..... 然後想請問這是假設語氣嗎?,0.000922016799329,0.00816850264713,0.0246913950444,0.0539131355915,0.005258914934,0.00721688978524,0.0134161575751,0.804135605603,0.00362305087258,0.00873101074334,0.00148324340592,0.00953021952366,0.0589098574745
83772,94447,前面If you were to board 為什麼be動詞後面要加to呢? 這句是未來式還是什麼假設語氣?,0.000584925562461,0.00051545134026,0.00121731960002,0.607970203441,0.000754522188506,0.00183755492561,0.000779499282199,0.367966476442,0.00231742254515,0.00498985206552,0.00121691115443,0.00680845487298,0.00304140657966
39589,82143,第一句we were 是過去式   Vivienne  is 是現在式  And she said時又變回過去式 請問這是甚麼文法結構呢？,0.00025593188932,0.00365003289053,0.0189090566843,0.00498617155361,0.00356532392877,0.0050679414696,0.941492535251,0.0033147616894,0.00579550191282,0.00246430115552,0.00198287208228,0.00313338658013,0.00538218291251
27904,82143,請問could  would 的用法  用在什麼情境,0.000351709797221,0.00279433083217,0.00401299615218,0.0373937483001,0.0361584930597,0.00225006528144,0.876262314062,0.00608460461954,0.00853817289811,0.00320624258031,0.00173697847028,0.00929371514588,0.0119166288011
96237,84855,this time 為何用過去式was？,0.000274982389731,0.00393489155131,0.0090269458543,0.00208714946442,0.00958605102776,0.00281618506462,0.939726005111,0.00188495868224,0.0044550620433,0.00271632706791,0.00214147047775,0.00738806613874,0.0139619051269
55045,69895,used to .....說明是過去常在做某事，且現在都沒有做了意思，是嗎？,0.000320760483074,0.00272449384211,0.00289333065906,0.00109083535811,0.0495596575739,0.0123936576785,0.890414301053,0.00405409549794,0.00469643987337,0.00566055394549,0.000662347342238,0.0102454881676,0.0152840385253
3748,57637,the fact that 後面為什麼接了兩個句子she never really felt like she had fallen in love.,0.000514519953663,0.00557866307407,0.0336289618429,0.00143360633233,0.0069132799039,0.00441873179094,0.870677065973,0.00143456800562,0.0652045956781,0.00192752677208,0.00492801959831,0.00172704232996,0.00161341874505
9242,59457,went ahead=go ahead 是有繼續的意思嗎?,0.000332106278628,0.00497529281375,0.0127626934346,0.00166668748887,0.020912988389,0.00524256355238,0.875676395072,0.00246184696009,0.00733873447962,0.00215612310447,0.00293523438067,0.0106836892801,0.0528556447659
7680,59457,在這裡用could 是表示?,0.000316880689556,0.00411422454486,0.00605234897335,0.0162178951016,0.011211451063,0.00304279374068,0.921197320576,0.00207457399199,0.00436180446559,0.00258430046153,0.00301806943232,0.00786671736181,0.0179416195981
4595,59457,"在這裡，crashed, shattering, being knocked 有不同時態，為什麼後面那二個不能繼續用過去式呢? 謝謝老師",0.000303989358474,0.00282390624642,0.0781760441386,0.00251724530474,0.164387512532,0.00295244870633,0.61674309175,0.00118887902574,0.0153041431923,0.00687524395288,0.00818880971913,0.0623066944302,0.0382319916433
46447,76802,"請問 ""make up"" 跟""made up""的使用方法有一樣嗎? ",0.000294506721142,0.00655972531778,0.0064019808622,0.00162222302883,0.00486033288803,0.0181107133775,0.878924925469,0.00149041303774,0.0104045946981,0.00822999595879,0.00158825742879,0.00483355474121,0.0566787764707
81129,66589,請問為什麼touch down不是使用過去式而是現在式？謝謝！,0.000281745370599,0.0100374210483,0.001383575257,0.00126628273794,0.00380762533239,0.00427162864112,0.966329122281,0.00326409059232,0.00211894276424,0.000849248391249,0.000559866751456,0.00403974561985,0.00179070521243
43839,66589,請問這個過去式的句子裡，shattering和being為什麼是用v+ing的形式出現呢？謝謝！,0.000267850849631,0.00172708542014,0.0675586631289,0.00181695329962,0.235329047109,0.00213726049995,0.605922609891,0.000852937770342,0.0112186601609,0.00502300482765,0.00619005048633,0.0452324055936,0.0167234709624
43970,85704,"最後是用 they were in it for, 而不是用 they are???",0.000266344801915,0.00601816922204,0.00391215805054,0.00367239548805,0.0073099857631,0.00901980419515,0.801847474659,0.00400345010752,0.0123779191702,0.00144020751366,0.0019931397069,0.0105931239151,0.137545827407
96228,88328,"請問為什麼這句前面都用could過去式，而...imagine the impact that ""can"" have on the issue.卻用""can""現在式？",0.000460768017546,0.00594930431777,0.0071654859873,0.00435263814848,0.00682116934203,0.00246213482931,0.94533062086,0.0018721147598,0.0090825763907,0.00263881579261,0.00145950013534,0.00414066008885,0.00826421133047
47823,89629,"請問這邊的I'd的全文是 I would嗎? if so , why not ""I will be ....""",0.000700482918741,0.00188116784464,0.0192688150618,0.00982651758956,0.0157282092064,0.00731223275941,0.887531769573,0.0305592574266,0.00295594658808,0.00148563557928,0.00183118736909,0.0168665918267,0.00405218625689
23219,62816,為什麼不是know who I was?,0.0003727217626,0.00134899578018,0.00507268099901,0.00267816969552,0.0255202968918,0.00479513684655,0.940545197157,0.00127386731837,0.00695686814789,0.00146991007855,0.00446225482069,0.00441283517946,0.00109106532257
41495,90629,"if I tell you that I headed to my office 前一句用tell後一句用head""ed""不是很懂文法的用法 you might want to ask me 中間的want to可以省略嗎?",0.000427585337136,0.00225122269903,0.0190545229438,0.00488107498832,0.017036646271,0.0228024623027,0.865154411268,0.00278385874725,0.0338961255211,0.0109446068044,0.00454880022362,0.00728853831412,0.00893014457969
39205,90629,"And these clothes and toys and stuff... Hey, I had one of these! Maybe somebody would want them. 這裡的would 什麼時候會用到過去式?",0.000271492408711,0.00286102738889,0.0199563437484,0.00871014847611,0.0454793451536,0.00145843250571,0.89573368342,0.00484059313535,0.00540790776397,0.00112145675194,0.00287408154132,0.00762591356265,0.00365957414334
30313,12945,這裡的left 是leave嗎?  意思是腳本留下的這段紀錄?,0.000295259961895,0.00527363095487,0.0057426492032,0.00128862391707,0.0617113277362,0.00339006725909,0.863643031605,0.00182708148145,0.00415803825041,0.0018528219,0.00282843872079,0.0239049673279,0.0240840616822
4912,12945,And then I come along and I say  為什麼這句不是用過去式?,0.000532872398173,0.00175538296299,0.0250366105804,0.00266925134828,0.0151245129455,0.00279160206393,0.943560719744,0.00209426225606,0.00140315348425,0.0018542380488,0.000732981597317,0.00182237350467,0.000622039065939
36914,88858,improved前面需要加was嗎,0.000287900944709,0.00368645799978,0.00559756224699,0.00367717794022,0.00287891776741,0.00281609394236,0.849277065098,0.00163023866366,0.00479684862959,0.0060242491562,0.00108308760709,0.0987344053291,0.0195099946749
76129,75204,"為什麼要用過去式(when it ""cam""e to securing...)",0.000268764872841,0.00680821148778,0.00286452815762,0.00238010301842,0.0182078617121,0.00820546203475,0.942021088519,0.0014028073393,0.00380707471582,0.00311705328479,0.00088133686299,0.0038205913928,0.00621511660222
35856,75204,"what ""commencement"" meant是否是""what ""commencement"" been meant""的簡寫?",0.000317384479791,0.00585875759267,0.0118515340219,0.00138599599065,0.024119772492,0.00305586046937,0.918598184106,0.0023613689636,0.00826288869631,0.00148995397593,0.00400107363326,0.00850969995258,0.0101875256264
68874,74088,included 可改成including嗎，兩者用法差異為何？,0.00036709134515,0.00825549939892,0.0117548117126,0.0030474904554,0.0148042321385,0.010013744804,0.730851785527,0.00202403001334,0.0300007969409,0.00897957345458,0.00299041497266,0.0135322191768,0.16337831006
12309,68274,"Then I went to look up what ""commencement"" meant 為什麼這句話是用meant?",0.000296320536091,0.00276691347641,0.00983633992043,0.00156405948195,0.00667739500357,0.00432200424936,0.92728059798,0.00224481419208,0.00516314087785,0.00377763391966,0.00238549222744,0.00573340827964,0.0279518798555
27184,77760,make為何不用過去式,0.000308505001023,0.00286981496027,0.0363149187332,0.000867545253825,0.03635519371,0.00361481040863,0.668534950622,0.0015468340019,0.0108236792493,0.123371282877,0.00095350458848,0.00759381192118,0.106845148674
26979,77760,請問為何這裡用couldn't  是因為是過去式嗎  ,0.000254010001246,0.00252695636617,0.00134172528917,0.00108077254164,0.0110578951939,0.00276510952651,0.96581997003,0.00167290195566,0.00306752218661,0.000892543947424,0.0009015730274,0.00487376119189,0.00374525874196
20155,77760,請問這裡為何不是What are their names? 名字一直是同一個才對 ，想說是否該用現在式,0.000308382903971,0.00724848920622,0.00666151667371,0.00275594529859,0.00943352498741,0.0113823801935,0.919738814729,0.00201047271326,0.016765115683,0.00145177739818,0.00383254219596,0.0103473510887,0.00806368692863
43264,87413,請問built，此處為何要使用形容詞?,0.000380178028475,0.00178323250488,0.00705815985274,0.000963476313846,0.122125892066,0.00231015201837,0.834397900788,0.0010917200756,0.00825865688768,0.00347603992628,0.001178703224,0.0111370942851,0.00583879402874
37270,87413,請問shattering詞性?為何不是過去式?,0.000258386707722,0.00182805171349,0.0595525884682,0.00177029246738,0.192041358318,0.00169028917006,0.663832745134,0.000834651879181,0.011368284656,0.00617182516251,0.00763420567926,0.0352107250276,0.0178065956166
106831,91662,got to 是必須做某事 get to 是有機會可以做某事 那如果用過去式變成got to 就只能用文意來看囉? 還是這其實是一樣的?,0.000465309569251,0.0105315648229,0.00655048736307,0.00125486052334,0.0232794154219,0.0102883712264,0.584887519501,0.0126582043671,0.00451213662713,0.0243512918723,0.00101157011845,0.0132779110547,0.306931357532
105428,91662,disaster struck strick 一堆單字意思裡好像沒有比較適合的解釋?,0.000268560850538,0.00321906885975,0.0134937048887,0.00117561731696,0.0196045330194,0.0031642848172,0.829353083493,0.00195947246334,0.0026320310429,0.00139565628084,0.00115410072484,0.0111540846679,0.111425801574
73775,91662,went up的意思是?,0.000291239190231,0.00193062534678,0.00619080626821,0.00135144319891,0.0140739674817,0.00640618866447,0.929224370945,0.00172055290486,0.0042305748203,0.00185399185266,0.00166822040903,0.00439272871526,0.0266652902027
63104,91662,than livestock farms do do的作用是?,0.000387932225887,0.00185378234864,0.0238276571929,0.00253520383684,0.0302073981931,0.00543163814499,0.899194485296,0.00240351197694,0.00325227580305,0.0146760874226,0.00352234665659,0.00988135494837,0.002826325954
19683,59745,I guess what I'm trying to say為什麼不是I was trying,0.000333005339648,0.00410902219933,0.0140865618215,0.00533345470403,0.00865427428756,0.0204406413781,0.844078410879,0.00286813123957,0.00810877902585,0.00564961889155,0.00879983426954,0.0238309613453,0.0537073046194
13616,59745,這裡的would是過去式用法還是...,0.000264047650878,0.000721481626199,0.000629225253022,0.0051112428368,0.0603099784901,0.00133967349841,0.924715757591,0.00175362244246,0.00180720667721,0.000768213886075,0.000942333580305,0.00153026516312,0.000106951304158
13032,59745,這裡if後面的find為什麼不是found?,0.000297701092967,0.00337164915854,0.00902316893622,0.00253113367732,0.0263588370257,0.0160728857201,0.920841422816,0.00283975078723,0.00574134775394,0.00129322129054,0.00136448382502,0.00369619614702,0.00656820176989
5772,61235,請問It's a bit unfair because she embodies both love and youth. 這裡的embodies為什麼不用過去式embodied?,0.000299146999222,0.00793572650144,0.0593215565528,0.00242945520938,0.0153709190066,0.00954874231323,0.872030159164,0.00278663396349,0.00818828788107,0.00410664568729,0.00292904530686,0.00885283570117,0.00620084571317
50483,97931,為什麼會用 ran into,0.000262726713177,0.00220160921492,0.0103503907823,0.00118464050534,0.0277643477016,0.0029841985991,0.83975831943,0.00175464885209,0.00356616790681,0.000942421993519,0.00137143262945,0.0223927801337,0.0854663155381
50481,97931,on the way 的例句: I  ran into Mr. Chen on the way ,0.000275971631306,0.00173874114625,0.00709305297649,0.00101339304175,0.0160584576414,0.00261119217439,0.718825997431,0.00119125887521,0.00577330739428,0.00127411921878,0.001352009313,0.0300846989346,0.212707800221
117368,101636,為何這裡要用 I had better 過去式，而不是現在式呢？,0.000271749285492,0.0394693893472,0.00242986310618,0.000864263698075,0.0581332916887,0.00342013161418,0.883787487677,0.00140357401913,0.00125543440109,0.001186156229,0.00348345743743,0.00305052924151,0.00124467225509
45677,88207,請問為何needed 和were 要用過去式呢?,0.000279219966999,0.00733500673212,0.00207277956994,0.00366275406585,0.0128973352477,0.00223173346689,0.942182500064,0.00186037846261,0.00720225873074,0.00101019211518,0.00138739136741,0.00716833193314,0.0107101182774
38901,88207,請問seated 為何要用過去式?  而前面的is 是現在式?,0.000352117030829,0.00487820257968,0.0206278688888,0.00136960074716,0.0558295255402,0.00518460709559,0.776967771726,0.00247135554717,0.00711387314405,0.00248453138998,0.00275034855709,0.024472006857,0.0954981908967
9329,62470,請問在這裡為何媽媽說過話，不是用過去式呢said?而是用says呢?謝謝,0.000311039829873,0.0167063281029,0.0046846700315,0.00255203596163,0.00639544584082,0.0314824760957,0.894945906842,0.00548294369877,0.00679921217806,0.00214986608655,0.00140696192092,0.00930329342706,0.0177798199841
58298,92958,until --&gt; 後面通常都接現在是嗎？,0.000267153101368,0.00538152740514,0.0156332303593,0.00272640242495,0.0236290343919,0.00273069801312,0.87035976702,0.00300714327149,0.00201219550704,0.00116769557005,0.00124807133585,0.00785734408612,0.0639797375136
58066,98518,"and I was still alive, and I still had a daughter whom I adored, and I had an old typewriter and a big idea.   I still had a daughter 是因為前面有and所以要配合過去式嗎 那可以把and 拿掉用have嗎 女兒是到現在還一直都擁有的",0.000330615328915,0.0299335983659,0.0618875682463,0.00139836550289,0.0194980894733,0.00315014964976,0.830518490775,0.00132763818067,0.017676052151,0.00353588645408,0.00238768905485,0.00917845635814,0.0191774004587
55487,95542, 這裡的made為什麼用過去式?,0.000599320579375,0.00787751804223,0.0316776216422,0.00529264000703,0.0152424760891,0.00483210601799,0.815982522574,0.00313259119913,0.012704849744,0.0042780549154,0.00239028306474,0.047677492969,0.0483125231558
52802,81976,needed 用過去式...是因為the company  已存在一段時間，所以用過去式嗎? 可以用現在式嗎? (不加ed),0.000290418619018,0.00445439156823,0.00349031078481,0.00176685424842,0.0184598977742,0.00670973993971,0.947704281762,0.00170646218604,0.00290294824355,0.0013180294782,0.00103772461088,0.00389406792246,0.00626487286221
86871,58544,"請問課文這段，為什麼前句用現在式have to，後句用過去是had to ？兩句都是在講過去的事，而且後句感覺是接在前句後面的，反而後句是用過去式？ 如果改為： This is something we eventually ""had"" to face and accept. And we ""have"" to leave behind what we had. 這樣文義上是否有微妙差異？還是說這樣寫是錯的呢？",0.000302314581073,0.0507095525009,0.0135566926003,0.00165569135433,0.0137545409051,0.00495584181163,0.880337278869,0.00322590833458,0.00286487220424,0.00699091322505,0.00210370102141,0.00993005872694,0.00961263386574
28143,73189,felt 這個的意思跟feel是一樣的嗎?,0.000277809740083,0.00515529170912,0.00811899409231,0.0015405934285,0.0203208283587,0.00400475723846,0.947038458385,0.00206799152847,0.00141837741688,0.00130671791213,0.00104298212553,0.00371896681283,0.00398823125169
32100,69248,"您好, 請問，如果do是用做加強語氣的話，那這句話的動詞是moving嗎?  又句中用了do，是否要改成move? 或句中用了end up(表示過去式?) 所以要用moved?  謝謝~~",0.000406689461888,0.00331923060299,0.00957117523963,0.00352603390252,0.0192496128922,0.00471040511604,0.765869521374,0.00168782401249,0.00382679396828,0.00765968812468,0.00202687025408,0.0068496498473,0.171296505204
21754,73293,"Everything that you have learned so far about the English language==>這句的文法是怎麼形成的呢?這算是過去式的型態嗎? you have learned with your eyes through textbooks.==>這句算是什麼型態呢? 這有出現2個you have learned ,為什麼解釋會不太一樣呢? 不好意思,問題多了點,再麻煩您了,謝謝",0.000652432896674,0.105371716499,0.283167994738,0.0041279125405,0.0126622305123,0.00421123459099,0.357086876497,0.00259225232571,0.0596574818131,0.00459035330402,0.0750599854042,0.0146954993059,0.0761240295725
10528,65344,為什麼前面When問句是現在式  I say回答卻是過去式,0.000248806580131,0.0084593513558,0.00573248473529,0.00217110291898,0.0101218491656,0.00495375746224,0.952621054431,0.00254575422404,0.00533771389676,0.00162502041619,0.000928550013404,0.00175700602413,0.0034975487764
35028,91247,The opportunity of buying gold finally came along. 為什麼最後的came along要用came 而不是come along呢,0.000334492029157,0.0030395707458,0.00493345765949,0.00181822045505,0.0107198879854,0.00318067680634,0.85357259951,0.0011564142835,0.00978982923477,0.00112937095071,0.00369601881009,0.00460747037142,0.102021991158
640,51218,"I even got to see the lion dancers. 請問這裡的got to是解釋為""必須""嗎? 如果是，為什麼不說成I even saw the lion dancers ?",0.000489528889212,0.00489233108606,0.00958921441035,0.00144626944471,0.013505468875,0.00621517406188,0.908546614235,0.00449423119895,0.00738257635237,0.0132153655726,0.00219198705633,0.00844852835205,0.0195827104654
21691,62148,請問後面這句話為何是 I just like.ed play.ing around. 而不是 I just like play around?,0.000420804326191,0.00364282899571,0.012888482175,0.00158173630199,0.013743933736,0.00482811530067,0.694483972403,0.00152937842888,0.00548379411195,0.0165188005893,0.00210659867459,0.0081653422403,0.234606212716
52356,84475,解說裡：People like Steve Job made a huge difference 為什麼這裡用made而不是make,0.00034977409427,0.012300119459,0.00643233613396,0.0019552187911,0.00730713884981,0.0123151343795,0.883915046419,0.00202602780778,0.00609345246474,0.00406277449952,0.00142291281572,0.0129722758115,0.0488477884741
41328,84475,That was it. 這邊為什麼用過去式was,0.000414095141976,0.00768199813662,0.0121500357938,0.0050766200619,0.00244216823978,0.00728734683364,0.877264996665,0.00107029204541,0.0262703453044,0.00388886570698,0.00384635496229,0.0214943849258,0.0311124961825
14790,74789,Will Shakespeare was right,0.00844379612502,0.00528560494061,0.00470674563348,0.00391391906818,0.00507657867912,0.00349262608605,0.950211689938,0.00243521994459,0.00299046299665,0.00200476093078,0.00210894846904,0.00685152787651,0.00247811931237
52185,79126,"老師~ ""L.A., the city where I loved the most."" 這句話裡的 loved為什麼要用過去式? LA是我最愛的城市, 不能用現在式love嗎?",0.000329751636786,0.00743496130121,0.00637430639361,0.00199267305668,0.0097197495791,0.0121658172979,0.894561654116,0.00100122389416,0.0381296054606,0.00206872025518,0.00149761430056,0.005365135376,0.0193587873321
51168,79126,"This is something we eventually ""have"" to face and accept. And we ""had"" to leave behind what we had. 老師, 為什麼前面的have用原形? 後面的had用過去式?  不是都在講過去的事,前面的為什麼不是用had?",0.000316225796722,0.0467560886385,0.0182752012342,0.00200974334301,0.0180834220725,0.00296045249444,0.875491836656,0.00198634225384,0.00602962768754,0.00678892244461,0.00318330926057,0.00773962792909,0.0103792001885
51164,79126,I saw(that) her different boyfriends come and go. 老師這省略that嗎?,0.00063562402526,0.00259101029139,0.0498627076628,0.000660451114952,0.0379803235091,0.000673096540411,0.860597430661,0.000810728457305,0.030122863204,0.00756342066011,0.00316457831651,0.00201763880299,0.00332012675463
26390,83016,"句中的""might""為何不用""may""來表示？",0.000383633321034,0.00207921178699,0.0044605960751,0.0496192786955,0.0264579179351,0.00479927323824,0.891052318673,0.00843748964564,0.0028693075294,0.000871554167733,0.000929346074682,0.00215769111492,0.00588238174271
84447,102858,請問這裡為什麼是是用ran而不是run呢？,0.00033332207868,0.00990059336104,0.0091896729852,0.00459030344107,0.0147517004161,0.00970555566249,0.882111288563,0.00241231087919,0.010243841825,0.00459293030743,0.00263777733635,0.0183365022573,0.0311942008867
81309,102858,請問這裡為什麼是使用to write 而不是wrote 呢？ 不是過去的事情嗎？,0.000365457811824,0.00143445258558,0.00180000289838,0.00158652425675,0.0250347660862,0.00382456684348,0.894986252,0.00466636039728,0.000551508935516,0.0497366182224,0.000809769394065,0.00266489343245,0.0125388271365
80280,102858,請問這裡的extended為什麼是使用ed呢？,0.000265443985882,0.00391655536167,0.00115317563461,0.00302232090834,0.00776065205501,0.00168993285882,0.962765462172,0.00233954900163,0.00187799041102,0.00125287878192,0.000831522442778,0.0123186708352,0.000805845550888
80188,102858,請問這裡的belonged為什麼使用ed呢？,0.000259251098659,0.00161789628786,0.000655714077212,0.00136844477284,0.0167008441729,0.00115466127263,0.969544503168,0.00210909612754,0.00108970400168,0.000733026630935,0.000630067860396,0.00400364987751,0.000133140651609
79885,102858,請問這裡的meant為什麼是使用過去式呢？,0.000286092677032,0.00301772610205,0.00118005573994,0.00125666672665,0.0150661878468,0.0115781409057,0.958001437716,0.00197559370575,0.00191350829198,0.000995037175542,0.000599252008792,0.00298427313382,0.00114602797023
78962,102858,請問這裡的went up 是什麼特定用法嗎？,0.0003065885046,0.00279410598962,0.00701474148977,0.0015453430319,0.0141843173695,0.00717975114555,0.930669611772,0.00161227221365,0.00495729741946,0.00241199381682,0.00158039440724,0.00877219577418,0.0169713870654
78952,102858,請問這樣的satisfied 是什麼詞?,0.000266496018051,0.00148219860373,0.00449503685634,0.000914985549579,0.0298268383404,0.001515444707,0.934566288738,0.00100132334299,0.00663323463321,0.00523114246458,0.00131695439784,0.00399022898634,0.00875982736226
78781,102858,請問這裡的wanted為什麼是使用ed呢？,0.000278904775384,0.003292914351,0.00120484970111,0.00116462712584,0.01604898483,0.00156173738263,0.956449897792,0.00154048913291,0.0030055769106,0.000941237314453,0.00114399752725,0.0124462635705,0.000920519586344
78780,102858,請問這裡的expected為什麼是使用ed呢？,0.00031514528816,0.00942751613312,0.0069906637921,0.00144698111119,0.0364330861244,0.0034019976017,0.90549659578,0.00232375469809,0.00604268078503,0.00150172099585,0.00165668659236,0.0129843105448,0.0119788605536
76608,102858,請問這裡的farming 跟destroyed是什麼是詞 又是什麼用法呢？,0.000703812176083,0.00293295070719,0.0125139404604,0.0019499474919,0.00992095683273,0.00215782972931,0.85101763504,0.00179374282913,0.0312880458719,0.00942590008564,0.0568045031303,0.00672583546812,0.012764900177
75191,102858,請問這裡為什麼是使用begins 而不是過去式的began呢？,0.000279568339886,0.0105813429866,0.00246906040156,0.00131196352295,0.0112526977703,0.00476553025286,0.95285631308,0.00121441657294,0.00437833749027,0.00263657857663,0.00080570820404,0.00391558300659,0.00353289979541
75631,62926,請問even if they kinda sucked的suck為何是使用過去式呢? ,0.000343052247113,0.0253503827511,0.035720007096,0.0123650229159,0.00785104990009,0.00760140716378,0.686967579145,0.00590843276248,0.0330655251747,0.00197149558258,0.0165807500839,0.00345766477572,0.162817630402
50901,62926,請問為何這邊的did(過去式)，而不是do現在式呢?,0.000277885889575,0.169690964135,0.000581523954577,0.00133350187921,0.0030833597396,0.00212530011507,0.817338937903,0.00208342606352,0.000517397734877,0.000799106140075,0.00120619287131,0.000864534195727,9.78693786208e-05
25405,62926,請問each other的意思是片語的互相，還是each + other?英文的片語有時候很難搞懂，因為有時候就算不用片語的意思，意思也一樣。  還有multiple，字典的解釋是(多樣的；多重的)，好像沒有(多次的)意思  例外這裡是用過去式的用法(saw)沒錯吧?那位和後面的grow和change不用過去式? ,0.000352095213726,0.00507639570568,0.0199434218458,0.00149007732616,0.0305705047566,0.00408823029827,0.748938684525,0.00113431898703,0.00613874674534,0.0106121868843,0.00214305667035,0.0120463696236,0.157465911418
25117,62926,請問got .allowed是什麼意思,0.000413917565583,0.00473996990667,0.00707271530247,0.00140509714008,0.0337989692879,0.00292563161508,0.841046878128,0.00691972442782,0.00385705237284,0.0203143125482,0.000632376266268,0.00705358989999,0.0698197655394
25118,62926,請問got .allowed是什麼意思,0.000413917565583,0.00473996990667,0.00707271530247,0.00140509714008,0.0337989692879,0.00292563161508,0.841046878128,0.00691972442782,0.00385705237284,0.0203143125482,0.000632376266268,0.00705358989999,0.0698197655394
24243,62926,請問who.became.more than 是什麼意思?,0.000279841085102,0.00293410623441,0.0734965594157,0.000987372258905,0.066145223893,0.00623570564989,0.754011529034,0.00235516115196,0.0101360355042,0.00169248300261,0.0179939676297,0.0134839529367,0.050248062204
24101,62926,為何這裡用had(過去式)呢?,0.000288335190996,0.00866613495837,0.00512802760191,0.00105071310865,0.0253335596104,0.00201607968772,0.942940204592,0.00122366229562,0.00287951369768,0.00153060010631,0.00167655288568,0.0048161663742,0.00245044989038
24093,62926,請問為何這裡要用過去式was? 還有drummers為何要用複數形式?,0.000325311252949,0.00354201800292,0.00845954495103,0.00264198137011,0.0289316003437,0.00565343640927,0.847221925676,0.00124400496912,0.0105365580865,0.00210673502891,0.00168152381945,0.0152023652625,0.0724529948272
19241,62926,請問這裡did的意思? ,0.000313408195898,0.00898752047271,0.0128808681255,0.00240099680517,0.013047645935,0.00481479405241,0.920806653757,0.00359374973057,0.00925951581385,0.00290697268389,0.00302256794648,0.00402185048792,0.0139434559933
19033,62926,請問這裡的was是什麼意思，要在什麼情況下加呢?,0.000241125970859,0.00153268289402,0.00118023828259,0.00808862015854,0.00807467469248,0.00548891485503,0.958271800186,0.00178666187276,0.00175018213131,0.00174881314351,0.00227693005093,0.0082313894805,0.00132796628176
18853,62926,請問為何這裡用did?用do不行嗎?,0.000354680583216,0.00575776393742,0.00685355952376,0.00610942803172,0.0106553467758,0.00931917251049,0.893678627556,0.00193124642369,0.00509301690807,0.00310037025257,0.00393001698857,0.0127446364154,0.0404721340937
63128,83794,為什麼是用wanted而不能直接用want?,0.000300044984419,0.0070575008961,0.00784421446293,0.00133259915616,0.0101589082225,0.00670316463433,0.883421392412,0.00122981353499,0.0136059153681,0.00246547690263,0.00170202363682,0.013812342977,0.0503666028117
32381,74224,he buys the house for her為何沒有使用過去式?,0.000273060004707,0.00289628581963,0.00765945295501,0.00131160063211,0.0137443316508,0.00181558990933,0.946120905248,0.0014005593387,0.00211855269884,0.00168170395633,0.00233799055674,0.00295901414853,0.015680953081
70372,70429,which would kill the yeast 這裡用would的意思？,0.00068644713613,0.00270132695151,0.0058186502446,0.0115104801511,0.0245546377217,0.00737032162137,0.894748896071,0.0164205314899,0.0144437053901,0.00150739441476,0.00183876652955,0.0113785325484,0.00702030972937
21563,63081,headed to,0.000306449888993,0.00271924766709,0.00514510649266,0.00182768511112,0.0107944879433,0.00369111426935,0.898072598297,0.00217319913375,0.00969614143405,0.0113426751218,0.00247634119254,0.00722488365495,0.0445300697933
8161,60652,為什麼要用過去式？？ 為什麼不是用What are their names?,0.000309901388201,0.00328940238524,0.00750958439001,0.00323314178223,0.0118966766587,0.00929968889016,0.923974911829,0.00174256082665,0.0139738760723,0.00151343161801,0.00343919077538,0.0130015446348,0.00681608874945
42072,58952,請問這裏的gotta是過去式嗎？為何呢？,0.000385317992193,0.0704965046091,0.00233818427257,0.00201606064297,0.0205018751153,0.00359423790405,0.861955233831,0.0161966034797,0.0035323355245,0.00660522921184,0.00143055530516,0.00557871122889,0.00536915088234
69091,57078,這邊的 liked 為何用 過去式?,0.000291659232756,0.00275967364173,0.0149858899345,0.00236296631315,0.0176862095233,0.0026046923175,0.924598552466,0.00193577080743,0.00500871022582,0.00176348601344,0.00107100256062,0.00415928283974,0.0207721041237
67685,57078, wouldn't allow 這邊是因為  沒有拒絕成功  才單純用過去式嗎?,0.000458784416669,0.00274367874141,0.00223484928436,0.00222065687721,0.0228163158275,0.00345987584126,0.951987218126,0.00841170871413,0.00110818048788,0.00167171529351,0.00071058830899,0.00177614461514,0.000400283466198
60477,57078,這邊的 build 為何不是用過去式?,0.00048232796721,0.00257332820253,0.020877081302,0.00116607580882,0.0148882256428,0.00877419172928,0.803531497377,0.00146306300567,0.00879372165455,0.0611067513124,0.00123299083043,0.0132864268491,0.0618243183184
59045,57078,為何這邊 dicide用過去式  後面的to selling 又用不動詞+動名詞?,0.00054673037663,0.00422661208651,0.0130007138113,0.00332821795744,0.0340709719258,0.0111909808294,0.6870324644,0.00306108826623,0.00903761363876,0.0624612723948,0.00141210725829,0.0163899695554,0.154241257499
52200,57078,這邊的 left 是leave的過去式嗎?,0.000280179491284,0.00334657506621,0.00309951690093,0.000653141761718,0.076143141013,0.00140776486958,0.868700831573,0.00194859080135,0.00135157763415,0.00149108911599,0.00774792131899,0.0266671693897,0.00716250106442
28484,57078,What did you do at this job   這邊後面的do   為何是用現在式而不是過去式?,0.00048021141028,0.00209247028042,0.0242289641297,0.00147095315936,0.0164478104675,0.00151844975649,0.92780724871,0.00299693333764,0.000594995056989,0.00912896269022,0.00389570091461,0.00087417546706,0.00846312461944
5720,57078,1.問一下，為何莎士比亞後面是用was 而不是is,0.00153398590705,0.00719724154263,0.00558524497877,0.0033796938128,0.0119387728539,0.00480870530871,0.926253104011,0.000959463044755,0.00724938683214,0.00375869879451,0.00371300901049,0.0114158327109,0.0122068611927
8978,63280,"什麼時候用might,may  ",0.000318927019519,0.0102938451848,0.00779043943293,0.00121148153074,0.0504019747017,0.013432616076,0.877682522283,0.0017515240975,0.00600079437872,0.00254449978869,0.00136333034922,0.00924724548186,0.0179607996755
41427,68269,為什麼suggested要加ed?,0.000283716888457,0.00294936798497,0.00227952866771,0.00126141409267,0.0141891693753,0.00252350840263,0.942216807607,0.00127369316251,0.00345637217932,0.00145103448096,0.0008491542217,0.0123517555057,0.0149144774308
99533,101888,這裡的wasted 是形容詞?,0.000332542066503,0.00117787188434,0.00448559176811,0.000791097234464,0.169743955148,0.00221695131337,0.796181716847,0.000940367558732,0.00256993181717,0.0134784487587,0.00107375349913,0.00470802883024,0.00229974327438
72826,101888,這裡的could 是因為can的過去式 還是有別的文法上的原因?,0.000250460314512,0.00141469396596,0.00126132238009,0.00290092240642,0.0395650798604,0.00168161116514,0.943171999508,0.00129937554129,0.0029606460469,0.00160042406884,0.00113920654041,0.00190018948581,0.000854068715972
108385,86661,went up 是什麼意思呢？,0.000291239190231,0.00193062534678,0.00619080626821,0.00135144319891,0.0140739674817,0.00640618866447,0.929224370945,0.00172055290486,0.0042305748203,0.00185399185266,0.00166822040903,0.00439272871526,0.0266652902027
80765,86661,reached這裡為什麼要加ed呢？,0.000256896678658,0.0011060976392,0.00100532136716,0.000763163269566,0.0251818527466,0.00110161081975,0.9610500487,0.00134674970923,0.00373814807847,0.00138542985509,0.000577350062065,0.00181301365688,0.000674317417449
33550,86661,"And these clothes and toys and stuff... Hey, I had one of these! Maybe somebody would want them. 在這裡使用的是過去式嗎?",0.000309797712178,0.00420930097356,0.0323714697176,0.00203158092698,0.0558338064419,0.00327813543067,0.885275010705,0.00410237223544,0.00291218351889,0.00110585272598,0.00321337523293,0.00324167889036,0.00211543548894
72045,68511,請問: 在這種情況為什麼要用過去式?  ...were afraid of was...,0.000253294158231,0.0104081682135,0.00329216125446,0.00803297575634,0.00452618218868,0.00432665243237,0.940134334085,0.000984086391156,0.00770284781667,0.00123895842589,0.00120578611011,0.00354856714215,0.0143459860251
63584,68511,請問這裡ask為何要用過去式？,0.000303100887331,0.00635372483057,0.00377165101856,0.00359188569564,0.0160537522852,0.00762925863165,0.901903893186,0.00160753722,0.0060050777772,0.00346951070861,0.00119900192839,0.0240237261559,0.0240878796754
24018,68511,"I now weighed about 80 pounds.  請問: 既然是now, 為何要用過去式weighed ? ",0.000306762398829,0.00848387252881,0.018407931958,0.00210998162804,0.0143262310089,0.00354458455158,0.824206989208,0.00620950091015,0.00390440236447,0.00214834595515,0.000875189094405,0.0104946747352,0.104981533659
28902,75378,If this is 為什麼不依後面的時態改成If this was? 謝謝老師,0.000295798169359,0.00212804471333,0.0167089783533,0.0105955672781,0.00693276698345,0.00426029574497,0.93906315831,0.00757276109008,0.00151305859505,0.00134335554929,0.00140712093027,0.00677903341872,0.00140006086401
