question_id,member_id,question,其它,完成式,連接詞,假設語氣,分詞,進行式,過去式,未來式,關係代名詞,不定詞,名詞子句,被動,介係詞
25582,76802,「They say the lion's visit gives us all good luck.」 請問這段句子的say、visit、gives是不是都是動詞?為什麼一個句子可以有兩個以上的動詞組成嗎?,1.1220404042e-05,0.00300868477047,0.232602882252,0.000729781274875,0.0564422919753,0.00481716884416,0.0672862050136,0.000307876564439,0.27968091365,0.00329258397462,0.00566652449468,0.00784288697584,0.338310979806
34835,85704,"you'll need to pop in to your nearest Medicare service center, fill out some forms  這句話為何中間沒有連接詞??? ",7.39836552497e-06,0.00441380166868,0.310359503981,0.000789519677963,0.0285129546719,0.00828146438955,0.0147455889705,0.000378486041262,0.0416590973932,0.0034783456335,0.00201622571876,0.013688188718,0.57166942477
93711,88328, 請問when在這句的詞性是副詞還是連接詞及意思是什麼，謝謝 ,5.04825171374e-06,0.00377505162613,0.449547838648,0.000397790135726,0.0578230003573,0.00368474127416,0.132833781514,0.000134171230523,0.143975276488,0.00105636715568,0.00274456870611,0.0081973684688,0.195824996144
85039,90504,talking about how her day was at school that day 請問可以分析或講解一下這句嗎? 我不是很了解這句話的架構和組合的樣子 謝謝,3.69158448572e-07,0.000846140378369,0.26718378369,6.57762050996e-05,0.00500407425386,0.000251833555869,0.00558885185498,1.71403021494e-05,0.0162804358922,0.000216076997128,0.000917395899203,0.000983146533623,0.702644975279
110478,66524,為什麼這裏要用兩個that呢？,1.22287670993e-05,0.0039733694499,0.753705410746,0.000310394711524,0.00817526425381,0.00503347654562,0.00934060871201,0.000294051366706,0.109288999319,0.00202663068482,0.00463382180612,0.00512822290108,0.0980775207361
10552,68274,What people will often do is they'll retreat 這句話中間是用省略連接詞嗎? 假設有，是用甚麼當連接詞? 是名詞子句嗎?,3.39388475744e-06,0.00224891594366,0.663474228179,0.000332011221107,0.0182339942633,0.00416477865545,0.0188576419108,0.000837070641136,0.172943586241,0.00107825918376,0.00380333087753,0.00383957172663,0.110183217273
39862,87413,that wasn't the way to create a good brand是名詞子句嗎?,2.51786828145e-05,0.00798125083268,0.310274057299,0.00102842329918,0.0384564348381,0.00785014682227,0.0308658349023,0.000675129171268,0.16675923174,0.00882907811823,0.013722518675,0.0257496327662,0.387783082853
26312,84944,"請問 "" we say (that) can be drummed out"".     1.原句是這樣理解嘛? (名詞子句)   2.*drum* out""   這裡是*鼓*出來""  這個out是形容drum的adv.嗎?",2.89968924867e-06,0.00119754937126,0.0599720987876,0.000202854430789,0.0183111382446,0.00215034872181,0.00958519352243,0.000138427588769,0.178182140918,0.00101824289924,0.00186550902696,0.0227142774074,0.704659319392
119088,72151,"請問The beginning of this was when we saw the photo of the boys, and we realized that there were children(who are) living in modern-day slavery. 請問句中，又省略(who are)嗎?還是只是因在were的後面，所以動詞加ing (living)? 謝謝!",1.12898764643e-06,0.00122673093545,0.070402831399,0.000353610827559,0.327853578965,0.00303277549158,0.0355988621625,5.61948221018e-05,0.238306571545,0.000808766497322,0.00109981747776,0.00352797897436,0.317731151915
65492,94963,but how good it is is what matters 為甚麼what前面有兩個is 這邊的matter 是動詞嗎?  matter 通常怎麼使用,8.39147704733e-07,0.0016264365383,0.640192227379,0.000174842700907,0.0101132743103,0.000930676351286,0.0183727655408,6.67723668534e-05,0.0518127561967,0.00103727304393,0.0112994056299,0.00264288222085,0.261729848573
46916,62926,請問if I tell you that I headed to my office，為何要加that，意思是什麼?,8.00764374343e-07,0.000786665726526,0.781179643174,8.31754052885e-05,0.00592857160492,0.000443269560533,0.0121070652518,4.92858417104e-05,0.0164197286178,0.000231688800325,0.000764839518097,0.00303366826896,0.178971597466
77830,68269,請問這句that的用法是？補充news的用法嗎?,2.39020413251e-07,0.000440891613786,0.695705973085,1.94580779699e-05,0.00680156784251,0.000113376701447,0.00268878071224,9.97187422584e-06,0.0203536773216,0.000114909675209,0.000296062699241,0.00156570165545,0.271889389721
50146,75378, whatever (it is) we're going to do.這邊名詞子句當受詞的用法 whatever可以用that替代嗎? 謝謝老師,2.48872042174e-06,0.00241961323712,0.0583650202955,0.000165721503942,0.0313232841497,0.00420612823363,0.0168251018697,0.000151971608563,0.229828245087,0.00165946569733,0.00836937780131,0.00575544491621,0.640928136879
19296,75378,"like it's a washcloth.本句like當介係詞,而 it's a washcloth為名詞子句當like受詞? 請問這樣理解對嗎? 謝謝老師",2.40678961218e-05,0.00566752632159,0.204071056602,0.00103151165559,0.0382304222403,0.00546654328151,0.0348082255191,0.000656350913231,0.0901745887929,0.00539202161604,0.00893202052386,0.0161046083228,0.589441056315
55343,98653,this is me that is presented as a boy  老師這裡應該是形容子句的省略 可是應該把that is 省掉就Ok拉為啥還要多個being 這樣詞類不就變化掉了????好奇怪喔,1.05946748103e-07,0.000103911565375,0.0863531362803,1.15405957972e-05,0.467449154179,0.000160854015012,0.00161148921833,4.27781785153e-06,0.0455449721836,0.000393289566916,0.000364527444614,0.0017519278575,0.396250813329
52123,98653,"all of that fun stuff 老師請問一下 that fun stuff 這是名詞子句嗎 如果是為什麼沒有動詞,Other than all of that fun stuff 這一整句也沒有耶",2.33466699619e-06,0.00207437735646,0.258781095704,0.00013067700318,0.0594406023136,0.00305046295016,0.0244978899391,6.76050352377e-05,0.0821324767639,0.00100081498543,0.0010643406245,0.00301523970905,0.564742082948
37746,80494,know it was her...it是代表?此處的文法也不太懂? know又有was? I found out shortly after that it was her...it是代表? 有that又有it?,1.57506609257e-06,0.00387358987167,0.715428680046,0.00024711138388,0.0139806468753,0.00252426850839,0.0343757170606,7.09071532016e-05,0.0774917755706,0.000490545636911,0.00273440825418,0.00435581134225,0.144424963231
37973,92288,It's that you're trying為何有兩個主詞在,7.12148743115e-08,0.000188909598867,0.765716999857,7.09418656692e-06,0.00226609087526,0.000108457802524,0.00172627774329,4.28247486524e-06,0.00665945489603,3.75639439441e-05,0.000231652421317,0.00130651760936,0.221746627376
74734,90915,這裡的thought是當名詞還是過去分詞? that this was probably the worst thing是名詞子句嗎?you'd是you had嗎 如果是的話 you have be wrong 不就變 你有錯?,3.95473260636e-06,0.0111781224712,0.135941572852,0.00180098118821,0.209722793999,0.00882816302766,0.318855188031,0.000348585350047,0.0720392230958,0.00241279522303,0.00579372204174,0.00997634174828,0.22309855624
26989,84365,我想請問It's that如何用,6.33966488144e-07,0.00154972861287,0.349616345211,0.000118616389834,0.0253929539438,0.00318849631503,0.0131046025655,5.12600671884e-05,0.095368397086,0.000833562202574,0.00214330436993,0.00569328515226,0.502938814118
100645,84018,I hope that those words will be helpful.  請問這個that在這裡的用法是?,4.43598653012e-07,0.000595759230462,0.789430077852,2.52036553905e-05,0.0134235964181,0.000382433660826,0.00486964640961,2.56756013879e-05,0.0256421722574,0.000161005490018,0.000512438509099,0.00343262070904,0.161498926608
115196,85809,請問that的前面不是不能有逗號嗎？請season後面的that是什麼啊！？,3.89354141211e-06,0.00329853583435,0.652454703985,0.000189285778641,0.0117925845558,0.00208777186868,0.0192250127411,0.000136494851543,0.149267600839,0.000814280011216,0.00260608726756,0.00319551295633,0.154928235769
87164,101265, found out that Charles Mintz這裡為何要加that可以去掉嗎？ 改這樣可嗎found out  Charles Mintz,1.08716670484e-05,0.00453868862808,0.365946838339,0.000603533957253,0.0777758212489,0.00446928205721,0.0177279266686,0.000277982178125,0.334865818415,0.00192218201505,0.00556840474462,0.0078447038006,0.178447946281
24688,76572,這裡put +介係詞into 的用法是? who 是名詞子句嗎 ,1.80929943596e-05,0.00263045478767,0.0793521173815,0.000563674622682,0.0599238993467,0.00545325463757,0.0147178757762,0.000527513926278,0.2549447803,0.00303287476454,0.0112136155778,0.00894243572915,0.558679410155
120870,94775,that後面是可以使用假設語氣，用法就如同一般使用假設語氣一樣？,1.96845063009e-05,0.0175082115368,0.290192159998,0.0177878141189,0.0697466673542,0.0129333193652,0.103326338602,0.00131828224469,0.0948874662852,0.00407092727205,0.00645280513348,0.010678968927,0.371077354656
120318,94775,for fear是連接詞的用法？,8.82925745825e-06,0.00269138270768,0.180658630778,0.000502229508709,0.0386325259535,0.00540638535449,0.0278243328762,0.000241392351306,0.187411746372,0.00219234791346,0.00703671468851,0.00964538295835,0.53774809928
27882,82089,So what we want is we wanna project enthusiasm and openness，此句中，從哪裡到哪裡是插入句呢?句型上我看不懂...,9.84434715771e-06,0.00673884401946,0.41222578118,0.000536804795328,0.0951643241835,0.0182076174271,0.053840096878,0.000388728224644,0.167482938245,0.00399240418762,0.0134317042835,0.0110637788884,0.21691713334
26975,82089,請問這裡的different than後面接的應該是名詞才對，為何是接「it is today」這種名詞子句型態呢?,6.25653233442e-07,0.0015235734789,0.436983748837,0.000100355290094,0.022316308773,0.000881848794866,0.0265293633966,2.68166640404e-05,0.00548190903349,0.000514746810645,0.000365766722673,0.00350323759624,0.501771698949
17383,62731,"為何... decision on ""if"" you're hired or not. 中要加 if呢? 可以改成decision on you're hired or not. 嗎?",9.0733074934e-08,7.02817992718e-05,0.00507065388514,3.8711852608e-05,0.00113975761668,0.000370801334973,0.000498359807714,1.13496214868e-05,0.00136128328283,4.4338579981e-05,7.75032126893e-05,0.000657368535856,0.990659499738
63360,87661,這句的文法結構是什麼樣子？動詞是什麼？為什麼第一句就有三個is?,1.35549929551e-06,0.00098984247732,0.2855538535,0.00012419697543,0.0369119315614,0.00227122462107,0.021575571917,6.70886071108e-05,0.30061102883,0.00114027878957,0.00533999644946,0.00318522542386,0.342228405348
45734,95919,"為何要使用performing? 此處是形容詞嗎,還是動名詞子句補語?",5.14849590998e-11,4.43166211658e-08,1.53219467314e-06,2.96569235395e-09,0.999989438772,2.97418216178e-08,4.24028576597e-07,1.46172522508e-09,9.3844266135e-07,9.17582932812e-08,2.18480763631e-08,1.00032889549e-07,7.37438533494e-06
11767,53896,"確認一下  decision on 後面的受詞 ""you""  省略了嗎?",6.0669757158e-08,4.64744356584e-05,0.00481500303343,2.15473025556e-05,0.000814920856184,0.000272876630046,0.000349338725255,6.82987468098e-06,0.00312694623049,3.91547316191e-05,0.000131796935423,0.000413515041966,0.989961535533
83802,83086,請問為何be後會再加一個動詞happen,1.75927599747e-05,0.00935107839309,0.260049167764,0.000877527532163,0.077700662418,0.00879732736789,0.0627368966001,0.000897099100677,0.142924849423,0.00644190520665,0.0101893590771,0.0302170667821,0.389799467575
58045,83403,"請問
，is that.....
這個是甚麼樣的用法呀？
有比較詳細的說明嗎
謝謝",4.24009195646e-07,0.00035714780849,0.594569837862,2.48698888459e-05,0.00483473153733,0.000242078638847,0.00208164098005,1.53399052251e-05,0.0231443044617,0.00022947388135,0.00122669981121,0.00171695226382,0.371556498952
43078,61679,請問老師~that's because mountains create their own weather.這句話中的that's後面為什麼沒有受詞?這樣這算完整個句子嗎?,1.41581430358e-06,0.00100242032567,0.785848175663,6.89619330045e-05,0.0123913231118,0.000933954598898,0.00409348558908,6.10054533597e-05,0.0739857298281,0.00041533085945,0.00397901467435,0.00139523136308,0.115823950786
28635,71849," that when we were there, we were in love 這裡的that的用法是什麼?  we were in love 是用來補充說明 前面的when we were there嗎?",9.43863278734e-07,0.001150076266,0.334922463216,0.00040710121664,0.0419082972275,0.00236058432003,0.0730104874199,4.74489532579e-05,0.180444894166,0.000286167315655,0.000429908349122,0.00377667185787,0.361254955829
59629,100809,我有點困惑would的用法。在這邊用would是因為是在講過去的某一件事所以用wold。但有時候假如我問外國人某個建議，他就會說I would choose .....。再來就是，曾經有人跟我說would是未來式。所以到底要怎麼用would！,7.45969067063e-06,0.00894614017751,0.0638942802215,0.00180674028407,0.173564681675,0.00419833968286,0.608193403968,0.000970308847271,0.023212689888,0.000961463321146,0.000889453799678,0.0153630842237,0.0979919542202
34059,66589,請問 if you're concerned about...這句使用be動詞+過去式，但它應該不是被動語句，為什麼不說if  you concern about呢？,6.11813568843e-06,0.0037804654998,0.122852182257,0.000975840187433,0.0575533161243,0.00471965803357,0.103562957353,0.000553598964133,0.0171073297518,0.0017704465428,0.00167815577822,0.25613549828,0.429304433093
45760,95660,"The opportunity of buying gold finally came along.  為怎麼是buying ,不是buy    是因為of後面要名詞嗎? 那這句的動詞是不是 came 為怎麼是用came而不是come,是他當時說這句是已經過去了嗎?                 ",6.97898161717e-06,0.00243454800381,0.00559142252537,0.000316857979877,0.12102744319,0.00321251154853,0.602817629559,0.000177413997018,0.0056879984558,0.000901166391034,0.000839578911293,0.00276716558236,0.254219284875
104553,85055,"為何 having 後面加  過去式的 ""experienced ""??  having + 過去式 ?  一般不是都是 have + 過去分詞嗎 ~ ",2.02486688341e-05,0.0156562632898,0.0220307258824,0.0010827630545,0.192860036818,0.0140610536999,0.0489256905067,0.000646030653902,0.0160822723653,0.00419762330137,0.00152910964285,0.0138302566855,0.669077925431
104114,57638,"為什麼這邊be動詞是用過去式的were而不是現在式的are If they were to cut and wrap it now, it would stick to the wrapper. = if they cut and wrap it now, it would stick to the wrapper.",3.67300741731e-06,0.00632259783963,0.120844361535,0.0363394528185,0.16779793411,0.0178042007504,0.273257228089,0.00118680129758,0.0385574864975,0.00294741545781,0.00156579728788,0.0235845344491,0.309788516859
27907,12945,用wouldn't 過去式是表示假設語氣嗎? ,1.39198225748e-05,0.0170147193158,0.0213770308467,0.00503529429753,0.0518034464485,0.0132793548927,0.864660855899,0.00116941378583,0.00572626199681,0.00106751563914,0.000790983371768,0.0068188057027,0.0112423979809
74686,75204,cast 的動詞，現在是需要加s嗎? ,0.000116213555935,0.0339168752592,0.186567209215,0.0048011875806,0.337960368267,0.030738615582,0.207928871446,0.00299043020684,0.0452644284799,0.00856951953822,0.0056835368758,0.0315909556192,0.103871788374
25363,77760,為何是 用過去分詞meant?,8.58896968392e-05,0.0162208425367,0.0401782848961,0.00304671617657,0.201972568831,0.0144519026044,0.623424971038,0.00214249427702,0.035040393053,0.00575634008646,0.00361617253828,0.0191123138471,0.0349511104182
113428,91662,The toys need an idea and a system built around it!  built為何是過去式?,2.09424031544e-05,0.0122043841682,0.0833454070996,0.00158494820596,0.120147846469,0.0141205138755,0.201870187539,0.000719364231141,0.317493959128,0.00453386111299,0.00412772137428,0.0416332500842,0.19819761431
104448,91662,and had him arrested 這裡是被動嗎? 為什麼用had呢?,1.01754154563e-05,0.0190798559569,0.0676822387462,0.000941446044333,0.61263643848,0.00314299772411,0.0839815515589,0.000473917613158,0.0235251508243,0.00258473826483,0.00169322802852,0.0132384786366,0.171009782707
89856,59030,was  set up  被設置 不是應該用過去分詞嗎?,2.59980669824e-05,0.00740232749871,0.0472567898923,0.00145687628992,0.539712367044,0.00890646059923,0.247483094429,0.00068059184146,0.0223844576311,0.00552182931204,0.00186905400772,0.0189911570614,0.0983089963256
83506,53070,老師rose這邊怎樣去解釋?,7.2373350063e-05,0.0296268113267,0.0611642328863,0.0040100578988,0.292913466991,0.0210952826759,0.323707005803,0.00227639520301,0.0518288073948,0.00679785014404,0.00594815807188,0.045138969212,0.155420589042
86859,58544,"課文原句： Yeah, and I was an infatuated freshman, sure, but, the several times we got to spend together outside of class really allowed me to see she also had a good heart and a bright spirit.  其中""the several times we got to spend together""如果改為""the several times we spend together""語意上有差嗎？這邊""got to""的意義是什麼？  另外，這個句子裡面有省略that，原來應該是 the several times that we got to spend together 如果這邊that 改為 which 可以嗎？ 我查到一種說法是that和which有分限定／不限定 但是不太懂具體的差異是什麼？",2.07423215493e-07,0.000526741589378,0.00887639086552,1.94323035043e-05,0.00546544127214,0.000318364929989,0.00524520205576,1.46888690743e-05,0.963585252991,0.000139980916339,7.90068252639e-05,0.000634459293023,0.0150948306661
119260,82894,"句中此句:as if it were a fiction,請問為何是用were而不是用was呢?後面接的是a fiction,可視為單數?",1.14104378764e-05,0.0164979087563,0.116889726413,0.101424357297,0.0297830656946,0.0219439050979,0.464619877779,0.000959081401962,0.0756109139616,0.00279133526443,0.00200267156279,0.013206281186,0.154259465148
85106,90317,為什麼 Once 後面加過去式的 switched？ 不能說 Once you switch to flight mode 嗎？,5.6936775653e-05,0.0168983744517,0.237502637114,0.0075318922887,0.167481190607,0.0200748651615,0.0495375907074,0.00191161692737,0.142063931265,0.0102667170684,0.0124081128879,0.145054933535,0.189211201211
84997,90317,If ever there were 這邊為什麼用過去式 were ？,1.58296698646e-05,0.0116628491683,0.0528559847501,0.0738630999102,0.0397371158537,0.0197034166469,0.622766646317,0.00133651140739,0.0402108325492,0.00142206458117,0.00124359276731,0.0113033172585,0.123878739121
37745,90317,even if they kinda sucked 為什麼這邊沒有be動詞,1.55041809985e-05,0.00948910088726,0.159265428224,0.00271242474509,0.165731127831,0.0177470957591,0.379494684317,0.00111803064706,0.0509437974722,0.00552647989545,0.00315541255323,0.0602472727796,0.144553640708
57504,88209, 請問decreased efficiency為何要用過去式,4.64400984522e-05,0.00607598321807,0.0143033650147,0.00142577050762,0.892958500332,0.00715338292558,0.020318230682,0.000922378685168,0.0153899342856,0.00365826959097,0.00383092778018,0.00739464062067,0.0265221762592
21581,79126,"請問老師~ If someone were to ask me how I am today.... 句中的 someone 是單數還是複數? 後面為何接 were 不是接 was? 另外,這一句 是過去簡單式嗎? 為什麼不寫成 If someone asked me .............? 而要  If someone were to ask me ... 呢?",2.31075661228e-06,0.00249711540843,0.0321148726068,0.179832081005,0.0493594980209,0.0036520257024,0.14464950568,0.000375765129811,0.0240895625253,0.00184080675965,0.000630834739935,0.0228926345311,0.538062987134
14583,73017,left   這是leave的過去式嗎??請老師解釋一下這句子  謝謝,1.52019432789e-06,0.00166880646429,0.00535289555533,0.000257544776625,0.0499041855948,0.000848325690096,0.0212696446551,6.28782840214e-05,0.00720478613159,0.000373255930259,0.000278923851259,0.833916218431,0.0788610144413
79123,102858,請問這裡的when it came to securing 的came 為什麼是使用過去式呢，securing 為什麼使用ing 呢？,5.1120920148e-06,0.00206121014155,0.00656882206241,0.000349836354838,0.0634350315875,0.00230627136466,0.115713861001,0.000189983059803,0.0085450099604,0.00130076894301,0.000804210916571,0.00368412241967,0.795035760097
76289,102858,請問這裡的fried和sold是表被動還是過去式呢？,5.24878308387e-05,0.018204481648,0.0472026926467,0.00310933053116,0.184723130594,0.0273205053229,0.118487598149,0.00202968521992,0.0592686612694,0.00907934269175,0.00648747977969,0.402343104665,0.121691499652
75188,102858,"請問這裡的learned,foraged 和followed是表示被動語態還是過去式呢？",0.000196787142937,0.0805828295796,0.0937399165222,0.0072566999128,0.106488475615,0.0352964798499,0.399588409976,0.00550973576628,0.0406706830508,0.00934283738585,0.00988626199702,0.157119651916,0.0543212312861
71741,102858,請問這裡的expected是被動語態嗎還是過去式 那為什麼不是用ing呢？,0.00020072510503,0.0577376723587,0.0388743100165,0.00624901469993,0.160348699166,0.0276788997795,0.200175925494,0.00389584644668,0.0426570193252,0.0106248775106,0.0085853526944,0.356953077888,0.0860185795151
108696,62926,不好意思，我查left的形容詞，都只查到(左方的；左側的)這類的意思，完全沒查(到剩下的)這個意思，請問昰為什麼呢?,1.14128698753e-05,0.0058359418724,0.0657573054385,0.000598478378276,0.381487117354,0.00251890247384,0.0786087874486,0.000350160904013,0.0198350084079,0.0027166393817,0.00190199680039,0.10770959166,0.33266865701
87472,62926,請問為何這句要用thought(過去式)。 還有請問為和後面要加being?,2.60763226775e-06,0.00442871465728,0.0506132508027,0.00014801036363,0.137022078846,0.00936779779193,0.330696929963,0.000108885780287,0.0215913162021,0.00137505970231,0.000507957523542,0.00792341452921,0.436213976206
32507,62926,請問介係詞後的動詞不是應該都要加上ing，那為何After she passed的pass試用過去事呢?,4.61680510491e-05,0.0365063254633,0.226533996379,0.00396673640689,0.204041893232,0.0176936765263,0.367420381935,0.00180907105884,0.0305318264332,0.00429443180314,0.0071506550244,0.0173248563721,0.0826799813154
26574,62926,"請問(of being hurt, and of being held.)我知道這邊是過去式，但為何be要加ing呢?  這句的of又是什麼意思?",3.99546062641e-07,0.000430562463594,0.00911892741759,4.38009536434e-05,0.22928446611,0.00443061728107,0.0134791503477,2.52599061631e-05,0.0169467383303,0.000370172409747,0.00016666909193,0.0150207572825,0.71068247886
19239,62926,請問這裡的before是屬於介系詞還是副詞?  還有how在這裡是代表什麼意思呢?were又是代表什麼意思? 這句我其實看不太懂，there該何去使用  ,1.67809871466e-05,0.015114389588,0.0856616326085,0.00389375982974,0.0416007893774,0.0155735599557,0.568448372237,0.000694418655202,0.083893289721,0.0037725842451,0.00346937799588,0.0138858901071,0.163975154692
87068,90894,you're left be動詞後面 接過去式的left ?,1.06139935879e-06,0.00133483848388,0.0043308520336,0.000215912549088,0.0845229752132,0.00136632238971,0.0238218368533,6.55910712434e-05,0.00879685193331,0.000477003197607,0.000345271584288,0.790848263887,0.0838732194047
62114,57078,這裡是因為  已經發生過了事情 所以cause才用過去式嗎?,4.33271226556e-05,0.0348620616201,0.0628724119584,0.00451576446158,0.119679536016,0.020890863558,0.222063145895,0.00169044296262,0.101281149258,0.00811386016929,0.00714551472224,0.133999427483,0.282842494773
60788,57078,這裡的convinced 為何是用過去式?,3.5041217647e-06,0.00392233905988,0.023145637171,0.000556756135053,0.672004326564,0.0115081297075,0.0854452140662,0.000273660454004,0.0351381602419,0.00265167356305,0.000706570813334,0.109962285371,0.0546817427317
56102,57078,"問一下，這邊""hopefully""  後面為何用了未來式    然後又用了""leave""的過去式?",6.58674207283e-06,0.00341051914085,0.0144902602188,0.000757594045145,0.0588478666296,0.00316898684921,0.103586619806,0.000476000944772,0.0193627296624,0.00168634706988,0.00105564954747,0.655608627936,0.137542211407
48536,57078,we were like  like用的怎麼不是過去式?,1.71718487756e-05,0.00826769801058,0.0963666571572,0.00167393901874,0.179862787767,0.0148670585579,0.348637144532,0.000496381214983,0.0582930315335,0.00258754467239,0.00149095495284,0.011620412662,0.275819218072
6657,57078,Everything we say can be drummed out.  為何這裡的drum是用過去式 drum後面除了加out之外 是否後面還可以接其他的 掩伸出其他的意思? ,8.94998221633e-06,0.00388642635311,0.0728716748875,0.000620031077594,0.0623601574304,0.00525675741216,0.0406317348738,0.000431738761068,0.0807645028381,0.00257609726034,0.00185820117692,0.048308653905,0.680425074042
64198,78593,這邊的get sent to you是應用什麼文法規則呢? 怎麼兩個動詞連在一起? 我查到get是使役動詞，但這邊沒受詞感覺不太像 get如果是be就是普通被動式，這邊是替代了be嗎~?,1.85666625977e-05,0.0109968245872,0.109960763804,0.0017439868805,0.210156430052,0.0374222760789,0.15520250203,0.00154571013733,0.0577202948266,0.00903270581524,0.00238117595606,0.174590043772,0.229228719397
4486,61961,"You are always judged by the way you perform.  前面judge +ed應該是表示被動式, 藉由 [the way you perform] 來判斷...但不是要表演過後別人才有辦法判斷嗎? 請問為什麼最後的perform不用改過去式呢?     ",3.21112086305e-05,0.010019165607,0.0290254306143,0.00201016597836,0.171834355304,0.0127831040866,0.0615497893657,0.00106203104589,0.0707297060188,0.00317841622522,0.00375546532164,0.478266533135,0.155753726088
86946,2033,he survived being hit請問是什麼時態,1.62745747889e-05,0.00702381799563,0.0148691073003,0.000969248056012,0.0872258241329,0.00850971063323,0.0326314998506,0.00065273181558,0.0232683279165,0.00333399661988,0.00173066669313,0.402966874541,0.41680191987
80764,86661,這裡的assessing 為什麼是動詞呢？而came in 確是過去式呢？,7.19120592139e-06,0.00331653733075,0.0281048875469,0.000340851584489,0.0978121775361,0.00345798331853,0.0164137190512,0.000186465826963,0.782442307746,0.00170934088564,0.00218518548768,0.005324162929,0.0586991895509
71518,75378,這裡的shown應該是名詞?但查字典是動詞show的過去式? 請問有shown這個名詞嗎?還是這邊是被動式的表示? 謝謝老師,6.62660297814e-05,0.0163856826955,0.0970623215379,0.00341135322687,0.193537202759,0.0291919204305,0.0650551891246,0.00177631210855,0.139799102445,0.00985080289955,0.0261758594732,0.0555637291796,0.36212425809
35729,75378,"請問combined.這邊是過去式還是被動式? 如果是過去式,為什麼這樣用? 如果是被動式,為什麼這樣用? 謝謝老師",1.86666165377e-05,0.0120141648033,0.112286714778,0.00140527544425,0.422584839582,0.0152133712562,0.0732224739646,0.000717387744235,0.137593167748,0.00524442497755,0.00333740718851,0.0782152611201,0.138146844778
19148,75378,"And I decided to come out, and make it creative, (1)請問decided是過去式,make是現在式,兩者時態不一樣可以連接在一起嗎? (2)and make it creative,他的主詞被省略,請問原句是and I make it creative嗎? 為什麼主詞省略,and還在,動詞make不變為making? 謝謝老師",4.00454464814e-06,0.0087489115522,0.516135226667,0.000446460522151,0.0777049921961,0.0177633415068,0.130995053056,0.000198411087595,0.0495731422868,0.00705469561796,0.00229009343568,0.00974608619188,0.179339581335
31617,83127,這裡的suggested是甚麼詞性？ 是形容詞還是過去分詞還是過去式？,2.96359032785e-06,0.00359683827389,0.0184779315562,0.00022375266193,0.656485637009,0.00310916296196,0.23915692695,0.000149638682252,0.0163367549122,0.00152473793646,0.000575025340042,0.00743644383271,0.0529241862932
25154,83127,可不可以解釋一下假設語氣的句型種類 were to ...,4.13980927973e-06,0.00652833471007,0.112323345088,0.0303055157207,0.183903247982,0.00583142814861,0.588068378095,0.00113653560609,0.0152792106486,0.00110019927384,0.00132279606309,0.00585759277601,0.048339276079
30058,81815,"you're left with  這裡的left 若解釋為""留下""是leave的過去式 為何不用不直接用 you left 另為何要加with leave with  只查到:  把……交給；委託 的意思",2.79759373054e-06,0.00250070206821,0.00672587815515,0.000329180944548,0.0657448451839,0.00155172880802,0.0345380437124,0.000100636372033,0.0108734020303,0.000536992500546,0.00059080507187,0.740533946503,0.135971041056
53977,98653," if you were fired from the job, you can't say 這裡是不是有用假設語氣 ,you can't say 是事實ok 但if you were fired 這裡應該就有假設了吧",1.13946546691e-05,0.0124915170284,0.0597322687101,0.0304486521252,0.0413878415426,0.012987589114,0.653003072547,0.00143511564116,0.0367683644571,0.00174841673616,0.00233561683658,0.0163625037458,0.131287646861
2983,54803,"Well, sure you would, if you knew where to  look for. 為什麼這邊要用過去式?",4.13497463731e-06,0.00430317429218,0.084020854575,0.019406483585,0.0844891033865,0.00755621332915,0.618561510562,0.000515486647848,0.0572896671417,0.00222197520804,0.00127176396439,0.00665101628269,0.113708616051
28013,78507,"請問這邊的 ""were to"" 為什麼用過去式呢? 是一種假設的用法嗎? 感謝~",1.01946340764e-05,0.00434499467554,0.0566451337138,0.253316230935,0.0395192857091,0.00771944277368,0.151664857433,0.00154456749733,0.0529425572248,0.00415440323446,0.00159470729775,0.0429747002387,0.383568924632
115829,80863,老師好喔～  這裡有will be~~ ～～  而後面有 （that）you ever had 來說明是怎樣的 the best time～ 未來式  跟 過去式  可以放在一個句子 說喔？  這裡不太了解～ ,8.15798664661e-06,0.05561352745,0.172288470335,0.000895243725607,0.139473690993,0.0267416858884,0.261917461742,0.00111701152152,0.0512917090635,0.00174405503364,0.00332001515343,0.0114088972107,0.274180073897
100057,90915,Mariah Carey sung that song with ease.  請問為何這句的唱 是用過去分詞sung而不是用 sang?,0.000298613766563,0.0410057803224,0.0891443879673,0.0116547906804,0.117356155799,0.0395655922342,0.147215746501,0.0054625553397,0.169338808052,0.0197585904853,0.0196932459072,0.0547357429631,0.284769989982
95008,90915,請問這裡的would是作過去未來式用嗎?,0.000107595796015,0.0317269485509,0.060790096281,0.00749345414734,0.122434717388,0.0729981857601,0.529311344636,0.00882546580338,0.0401734697192,0.00669593464583,0.00574019787917,0.0269679150043,0.0867346743886
93331,90915,那請問light的過去式是lit還是lighted呢?,4.23404546765e-05,0.011514077478,0.013474900636,0.00155535695284,0.749566606352,0.00831709881762,0.173335728067,0.00117830763099,0.00962918897113,0.0027864194988,0.00184047916155,0.0100263207339,0.0167331752463
88417,90915,1.Immediately you feel like這裡是 you immediately feel like倒裝句用來強調嗎? 2.shoot的過去式也是shot嗎?,2.08047263521e-05,0.0147595166087,0.343634507078,0.0016071179628,0.0712743935007,0.0262537588509,0.127241013511,0.000688700840135,0.0701478096328,0.00413540688075,0.00512997588653,0.0203882747351,0.314718719787
88312,90915,1.dribble在字典裡運球的意思是當名詞可是這裡是當動詞怎麼會這樣? 2.unless he passes it and it is passed back to him 為何這句第一個pass是現在簡單式第二個pass卻變過去式。,1.52726803282e-05,0.009250390219,0.429746159644,0.00145934457796,0.0615162906896,0.00323589616051,0.0456373359958,0.000631002682368,0.0283232406458,0.00373531987126,0.00216204941863,0.0278263731099,0.386461324305
74720,90915,would這裡是過去未來式嗎?,5.85739058491e-05,0.0244134818282,0.0180761126851,0.0060806100032,0.0983435680481,0.0146840435834,0.769762629125,0.00690949815234,0.0162129352812,0.00365561650966,0.00260479918209,0.0121349777877,0.0270631539077
73553,90915,如果我這樣寫I gear around you having the time of your life 意思是不是變為這樣   ~ 我為了要讓你享受人生難忘時光所打造的,2.4802122441e-05,0.0139024735202,0.0614727180531,0.00132471882374,0.284638904029,0.0174220166787,0.0565045963506,0.000715937180218,0.0596239695896,0.0114871110142,0.00529951058103,0.0161207614972,0.47146248056
36135,90915,這裡的強調語句可否改寫為，It is in this moment that really changed us. ????,7.12357231732e-06,0.0131841031163,0.0561443539961,0.000840995276713,0.0711434305573,0.0070005463084,0.152717239865,0.000403031963664,0.503799962233,0.00204972718443,0.00196757699106,0.0110474903227,0.179694418613
35360,90915,"底下兩個例句是講解時的舉例，我有些疑問： 1.In fact, it was a miracle that he survived that plane crash. 你一個that he survived應該是指前面的it，那第二個 that plane crash是子句還是甚麼呢?? 2.Your father is about to leave the house. You'd better hurry up. You'd是you had嗎?如果是的話為何是過去式前面不是現在式嗎??",2.87835815554e-06,0.00814516238382,0.138254293857,0.000258467384102,0.0412519520133,0.00205129396386,0.028547064973,0.000119253664812,0.230240512532,0.00140255712065,0.00398808840384,0.00935591976425,0.53638255558
6967,62157,請問這裡的if....tripped on one.........if you knew.......為何都用過去試?有語態的意義存在嗎?tks!,5.77794528312e-05,0.0280236066174,0.134665576675,0.031509400346,0.021476359909,0.019247872054,0.55930489457,0.00268503140882,0.031729409513,0.00468251754836,0.00410218871121,0.0255912013069,0.136924161887
10193,51279,句中 having them vaccinated 該如何解釋呢? 讓他們注射嗎 為何vaccinated是過去式 ,2.91400198482e-06,0.0124515875045,0.0168759145781,0.000353894926879,0.853628925295,0.0020262867176,0.039954642431,0.000159856307674,0.00893838776663,0.00119698441984,0.000460293950141,0.00437680810965,0.059573503991
57660,51225,為什麼這邊要用過去式had,5.41760519976e-05,0.0533302627605,0.0749149374102,0.0314846837182,0.0962284158421,0.0187796176331,0.580111923329,0.0037506276314,0.0258674431518,0.00402331866325,0.00304404424371,0.0258136025813,0.0825969469839
56843,51225,想了解這句的時態文法 為什麼survived是過去式 後面又是being hit,1.58797209784e-05,0.00473585482562,0.0121583945227,0.000854777659949,0.0791812762763,0.00810323522923,0.0217898680825,0.000613174353979,0.0202033846696,0.00290875645794,0.00147432178561,0.441412007121,0.406549069295
32466,71979,請問used to和be used to/get used to有何差別? 可以舉例嗎?,1.46196314982e-05,0.0119843028656,0.0374992401164,0.00184514669488,0.0817802432539,0.0189397428788,0.0920032710353,0.00105750097653,0.0383285511578,0.00791425294954,0.00210316240497,0.101062323789,0.605467642246
26320,71979,"這裡的lay out可以和exhibit/display替換嗎? 那他layout又和lay out有何不同? 還有lay和另一個單字很像, 好像中文是""生蛋""還是""說謊""的樣子, 是""lie""這個單字嗎? 那遇到這種長得很像意思又差不多的單字要如何區分? 像advice和advise, 一個較""忠告""另一個較""勸告"".",3.27566475334e-06,0.00261551346167,0.112808942536,0.000214959439494,0.184203249588,0.00127473133079,0.0290951095747,0.000136872541527,0.0177520616078,0.00108283670345,0.000566699415597,0.00899936077266,0.641246387363
22357,71979,"如果是of/whether開頭的句子,都是""假設語氣""的用法嗎? 是不是be動詞一定要用were? 可以詳細介紹有關""假設語氣""的用法嗎?",2.60801727531e-06,0.00471486080244,0.141462863706,0.0277615894865,0.154616708016,0.00558524165115,0.586539144045,0.000857939726978,0.016647211208,0.000852704339051,0.00107898099554,0.00541828790481,0.0544618601009
52304,98658,"請問will get sent to you  這裡是不是一定要加GET?  可以說will sent to you? 如 果可以的話,那這二句的差別在那呢",2.09879224895e-05,0.0162449918888,0.109074822232,0.00188134936314,0.167542681922,0.0474172050028,0.236980130606,0.00193918073626,0.0486434712118,0.00583461632098,0.00272235278344,0.0992777853596,0.26242042465
28102,63366,請問為什麼get後面接的是過去式started？謝謝您,3.44639872011e-05,0.0171715835365,0.128026867751,0.00152692503847,0.246645422524,0.0585236077132,0.307729950845,0.0011795253266,0.0234879033622,0.0104444191264,0.00253134179499,0.0242340096944,0.178463979301
43395,94005,"talk 為 不及物動詞，但是若變化為talking不就是動名詞，不就是名詞了嗎？ 但是我該如何記下,Ving是因為時態變化而加上的嗎？ Q1.該如何記下Vi+prep.而不受時態變化或其他原因而混淆的方法呢？",7.4312117163e-06,0.0042779275632,0.0187841383204,0.000492615590146,0.122476727814,0.00947044415283,0.049582945626,0.000227617671864,0.025942217972,0.00340146542296,0.00129356391219,0.0176972580011,0.746345646742
54547,90066,"你好 我常常分不清楚though, through, thorough, thought這四個字 有沒有什麼比較好的方法區分他們",2.25622750545e-05,0.00901214114852,0.20793557966,0.00121717253509,0.0590092203775,0.00584778087851,0.0617514187646,0.000626098309339,0.0650593442603,0.00419748465426,0.00333314827268,0.0107966329062,0.571191415958
75962,100031,請問大數在名詞前（eg: materials) 前的形容詞都要用過去式嗎？（printed),5.68442465221e-06,0.000986404638308,0.00552788126673,0.000236374512083,0.943999287597,0.0014161780662,0.0106548585889,0.00013284323202,0.00564485143525,0.00100894309543,0.000547475796978,0.00582650265125,0.0240127146951
49992,85809,"請問if you were fired from the job這句用過去式被動這態were fired,而不用are fired是不是因為if假設語氣的關係呢?",3.26033074714e-05,0.0345875138255,0.0592916916612,0.0437462391849,0.0390965467185,0.0165118385269,0.404362702838,0.00186253907029,0.0340156860565,0.00287577995761,0.00231139147374,0.0394247107969,0.321880756583
34562,85809,"想請問:If someone were to ask me...這句,因為是假設語氣故be動詞才用過去式,但是我想問的是...someone不是單數嗎?為何不是用was呢? ",3.91421521674e-06,0.0019424910074,0.0358718344629,0.42132375995,0.0357269641369,0.00607086251444,0.117671408083,0.000694087341429,0.0263956287072,0.00343342294516,0.000759208983976,0.0400858757787,0.310020541873
52526,94830,lie除了說謊還有哪些意思呢? 三態都不一樣嗎?,3.11932241006e-05,0.0097485850806,0.029070593917,0.00190813054086,0.780576764167,0.0128827725328,0.0853571182695,0.000851882518302,0.0187878707433,0.00438611953958,0.00202173751265,0.0109562792765,0.0434209526782
84899,101265,這裡referred加red的意思是被動嗎？,0.000228522659405,0.0743583207198,0.124361220737,0.0155867972407,0.155290042788,0.0531580419269,0.246219938397,0.00680387576823,0.0746759988145,0.0182959246278,0.0163074635378,0.0538493427881,0.160864509995
23690,50302,"Hi,  ""If someone  were to ask ..."" Why don't we use ""If someone  was to ask ...""? Thanks.  ",1.49827574256e-06,0.00208859251262,0.0413033559359,0.111260532807,0.0598622186717,0.00486792418317,0.160647112324,0.000360003597227,0.0288485524935,0.00178745611813,0.000582570544249,0.019943285697,0.56844689684
114848,94775,torn在字典裡，為什麼是tear的過去式，他不是名詞嗎？,1.05186783272e-05,0.00374182055824,0.0471691451345,0.00032556595116,0.757950611554,0.00437515067956,0.0876272584827,0.000310260472016,0.0139353756399,0.00189254119801,0.00166773117857,0.0110729421669,0.0699210783064
31718,4435,這裡prove不用過去式嗎？,5.26042662092e-06,0.00562413188952,0.125137871096,0.000642712358341,0.143425302412,0.0103460211241,0.0918414290673,0.000398766223982,0.0326859452011,0.0175278434968,0.00157169195858,0.027329094618,0.543463930127
60620,89712,一般假設語氣中，如與現在事實相反 If那句中的動詞不是要用過去式嗎!?主要字句用過去式的助動詞，但 此If句中用現在式!?,2.70664368669e-06,0.00498614687164,0.00405408932776,0.0020284474769,0.00386012628795,0.00233591375276,0.972003224295,0.000204384334195,0.00358161903899,0.00020998516282,0.000179049353587,0.00121026012831,0.00534404732637
367,51749,這裡as if 後面不是該用過去式嗎？（與現在事實相反？）,4.28113320721e-05,0.0161147593661,0.198264158484,0.0205886774943,0.0337767208432,0.0246559860797,0.225799805347,0.0026404306084,0.0431117805783,0.00927295015529,0.00386845033155,0.017942645935,0.403920823445
53641,81099,was + put and run是加原形動詞嗎？,1.6392035755e-05,0.00469475760685,0.0770991679142,0.000907439794968,0.495076555878,0.00590515676465,0.266234042448,0.00049051855242,0.0108787935471,0.0043194580193,0.00142504923889,0.0148312777567,0.118121390443
18122,50646,為何是involved不是用involving?,5.91291349481e-05,0.0172020933035,0.0815748400967,0.00326556634831,0.562408534502,0.0142119612544,0.0801157453562,0.00156620054104,0.0735220132224,0.0085371970766,0.00889401282636,0.0629007578317,0.0857419485054
80356,93713,where it is put into bottles>>這句也是被動語態嗎??為甚麼put不是用過去式??,2.67457340583e-05,0.00948260839298,0.146880788618,0.00135931862079,0.42299723312,0.0107873926702,0.153657047496,0.000948281813653,0.0389809966868,0.00424834646972,0.00386163841888,0.0932966216857,0.113472980273
60682,93713,being killed>>>>being又加過去式(killed)這是有什麼意思嗎???為什麼這樣用呢???ths,2.25575142108e-05,0.00636526983033,0.0381134952698,0.00126738631386,0.254160703227,0.0213557028667,0.0363479434666,0.000718531027788,0.0528200316313,0.00435633105246,0.00273372202614,0.0764510595733,0.505287266201
29679,82283,請問這裡的 left 是 leave 的過去式嗎?,2.03525066374e-05,0.0129720560449,0.0181641359881,0.00111366218295,0.143505185942,0.00413893641111,0.178386304828,0.000714689119683,0.0520242368279,0.00219713796513,0.0046569350076,0.508529198471,0.0735771687057
61387,59754,"the way(that) a business relationship should  proceed.   這裡business 和relationship都是名詞,為何會放在一起?   還有那個that 是關代但後面是因為被動所以proceed才變成過去式嗎？感覺句子不順？",2.42736700841e-05,0.0117745625112,0.293758477539,0.00158028822969,0.0516939761937,0.00632533162157,0.0606689911127,0.000636640129439,0.0501692302912,0.00474092572585,0.00334675260419,0.0392320408599,0.476048509511
81236,89970,為什麼這裡的ranked是過去式呢? ,2.58433307184e-06,0.00539603728372,0.0361227870458,0.000766674631673,0.485837176816,0.0145451031704,0.310494597835,0.00038780220793,0.0327031419503,0.00342991227991,0.00104847219923,0.0522566928484,0.0570090173989
76656,53320, is cast...，cast為什麼不用加ing？,5.04247579492e-05,0.0125678226181,0.233597677298,0.00247899978048,0.31955109052,0.0142245574603,0.152775123979,0.00128015159946,0.0372878052277,0.00810937900303,0.00380857308865,0.0454508843906,0.168817510277
39430,59609,If someone were to ask me how I am today為什麼要加were to 而不是直接 If someone ask me how I am today 而且還要用過去式?,5.55092976907e-06,0.00424962397772,0.0544751414187,0.379571065937,0.0229837312048,0.00738853909526,0.12418397337,0.00073734316596,0.0222090188581,0.00398426563623,0.00128004230423,0.0268866184149,0.352045085687
52905,99378,""" we understand him all the time"" 為何用him?",5.57529300711e-06,0.0101089372341,0.344235436141,0.000436970446422,0.032962060412,0.00498893120901,0.0771458494231,0.000291336015415,0.0594115239922,0.00636793477292,0.0015183918188,0.0120629140721,0.45046413917
28031,75045,rose 為什麼在這邊會是上升的意思，他跟rise的關係是?,0.000140529501589,0.0354598116959,0.0608833816455,0.00649168005147,0.259040865576,0.0310181022942,0.280322180826,0.00400912692992,0.0863181185777,0.011679019234,0.0088966578305,0.0498245448496,0.165915980987
86536,95272,為什麼to後面要加原形be動詞,3.70210157794e-06,0.00339906166116,0.0490288472795,0.00130840215581,0.450130736293,0.0107417290971,0.0646516338646,0.000279730901404,0.0682407937563,0.00332320446964,0.00110123365796,0.103569178885,0.244221745876
83165,58090,為什麼這裡用對等連接詞接的domesticate不用過去式？因為前面的learn用過去式,4.36295032467e-05,0.0141830483297,0.14429541063,0.00262055410336,0.13602495574,0.036378722614,0.228938235582,0.0013779484525,0.0286953215306,0.0241364967087,0.00461543611416,0.0314876721507,0.347202568541
72858,97675,future是指將來，為什麼前面一句跟who後方的介系詞皆用過去式,4.02172583863e-05,0.0298712037255,0.0400113065059,0.00295262606674,0.0720343855887,0.0143102105222,0.722415603603,0.00252732790185,0.0424229044479,0.00251039184032,0.00395705927435,0.0162316333319,0.0507151299335
120033,91383,as if it were all fiction.  怎會用were,7.88101222908e-06,0.0186240419818,0.12983417527,0.0771137639539,0.0407561301834,0.0211232610641,0.479706756389,0.000813350626655,0.0675078139416,0.00195820645209,0.00173923271332,0.0123341930245,0.148481193387
81200,37288,"想問一下這裡為什麼是用using ,V+ING的型式 是不是因為它這裡省略了which is?",3.75477938361e-07,0.00025350799351,0.00697006444109,3.92247301917e-05,0.942769944168,0.000331038367309,0.00446579167035,1.18136610732e-05,0.00874317092197,0.000177754240238,0.000114277793387,0.00134685114284,0.0347761853922
55654,97943,為何這裡的related是用過去式？　,4.64335251019e-06,0.00161195671604,0.0140614083262,0.0003178638408,0.0196825853144,0.00398823837483,0.0055495222475,0.000161042108747,0.882940699387,0.00154804448255,0.00115535215709,0.0043811959731,0.0645974477187
77293,63603,"hi~~Specific cases included taking it to family dinners, sightseeing around the city,  rocking it to sleep, and teaching it to play the piano~~ 請問一下,以上的included是什麼文法呢?為何用被動式? ",2.26678140907e-05,0.0207522230249,0.117310476601,0.00283375567066,0.111112564189,0.0327418322515,0.144542718359,0.00121718155878,0.099551616369,0.0106513213049,0.00671170253234,0.071335116276,0.381216824048
10866,63502,"what ""commencement"" meant  請問這句的meant是指mean的過去式還是指過去分詞?  為何在此處使用呢??",6.69602745465e-05,0.0128280925095,0.058408162782,0.00272071876976,0.0666882634842,0.0114514247045,0.542441653561,0.00213171746611,0.176905672101,0.00582681556806,0.0116891454455,0.0209844579433,0.0878569153907
88882,94171,got  get 一個句子中我如何判斷是要用哪一個?,1.09231310188e-05,0.0265765824303,0.0425120227674,0.000527522500177,0.182639898096,0.00894126633767,0.647375139114,0.000630166695208,0.0114979119593,0.00198881808363,0.000858336597178,0.0055420088251,0.0708994034634
