question_id,member_id,question,其它,完成式,連接詞,假設語氣,分詞,PT,進行式,過去式,未來式,關係代名詞,不定詞,名詞子句,被動,介係詞
24626,78952,make a popping sound. 請問~pop是動詞和名詞對嗎?但在這是用來形容sound這個聲音名詞，所以popping變成形容詞是嗎?這是一種文法嗎,2.87035436379e-05,0.00379720286148,0.0246356018954,0.000973906334984,0.0716087877292,0.760020416416,0.00462222988217,0.0156204796979,0.000513277965626,0.0295149734234,0.00411480449642,0.00444522179618,0.00677377993738,0.0733306140206
19632,78952,judged為什麼是被評論而不是自己評論,6.76168201209e-05,0.00797233534486,0.0156315052774,0.00187513258087,0.0254671269931,0.863961526756,0.00598375483883,0.0128252076587,0.00116533926452,0.0150227627234,0.00310321379512,0.00285768486041,0.0167571933408,0.0273095997459
50385,84855,這句為何不是How does rabies spread?  或How is rabies spreading?,7.37462522585e-05,0.010115243914,0.0990273056026,0.00440369309892,0.0261953088375,0.611493884326,0.0131163156923,0.0281795927262,0.00160814852421,0.0372796370968,0.00537741175679,0.0108498559206,0.013479643765,0.138800212487
78148,84925,"1.It is native to Asia. 2.It has been grown and consumed for thousands of years. 3.Native to Asia, it has been grown and consumed for thousands of years. 一和二變成三時,Native是Vpp是因為他在第二句為被動嗎? 如果是Ving那也是直接省略主詞和動詞只留Ving嗎? ",6.9015862173e-06,0.011421982793,0.0235852102651,0.000450632440809,0.02587217609,0.644153410455,0.00290524213101,0.0083800293456,0.000220389888838,0.0154797021029,0.00126510132959,0.00116862985768,0.00666616009059,0.258424431624
36265,91101,Everything we say can be drummed out. 這句話的文法使用?,2.46106597756e-06,0.000934417384705,0.0130808451451,0.0001619132988,0.00590423826953,0.890399673543,0.00183765879641,0.00471196735158,7.30139383382e-05,0.0281463626497,0.00036184456301,0.000532445214932,0.00689448937586,0.0469586694033
36051,91101,by the way用法?,3.25339050602e-06,0.0012251016571,0.0131685197603,0.000189619624684,0.0115772854548,0.769321409081,0.0011489867451,0.00533225545048,7.70611989154e-05,0.0119498730727,0.000629089772511,0.000354341404887,0.034925003976,0.150098199411
16801,55464,老師，請教一下，left在這裡若是「剩下」的意思，那它的原形應是leave，但在這裡前面有be動詞，而主詞又是you，you are left with breast這個文法看不太懂。字面意似指：你和雞胸一起被剩下來？,1.03006061405e-05,0.00440128640834,0.0246069375519,0.000494704880765,0.0493654417272,0.699008002664,0.00517923805869,0.0239360402889,0.000306284199682,0.0245038997547,0.00166681778675,0.00131293114602,0.0416505091,0.123557605827
48831,89629,請問這邊可以寫成you left the breast嗎 還是be + left+with+something 是一個片語呢?,6.21057899618e-06,0.00293744259447,0.0132663655639,0.000319354225236,0.0268139808725,0.756912227479,0.00306000505863,0.0159909107131,0.000225125084008,0.0124288545561,0.000908059015996,0.000900568500342,0.0465147408282,0.119716154929
40488,89629,"請問名詞+過去分詞也是複合形容詞 請問名詞+現在分詞也是複合形容詞  這是可以亂組合的嗎? 我可以把這句換成life-changed嗎?  如果不行亂組合,那是有什麼依據讓我們要表達複合形容詞時可以自行運用? 亦即 什麼時候用名詞+過去分詞 什麼時候用名詞+現在分詞   感謝",2.81144195034e-05,0.00766842660584,0.0203015306865,0.000843406757883,0.317655538798,0.408426051089,0.00815228973125,0.0355930576223,0.000592250148064,0.0419819982971,0.00403637884339,0.0037807056399,0.00779568108328,0.143144570278
111206,57638,I've seen men made fragile 這句的原始是I've seen men (who is )made fragile 就是男人被搞得很脆弱的意思嗎？ ,7.5609330716e-05,0.0321017732921,0.0385612242697,0.00241759727082,0.0317902715841,0.653241096982,0.0133598253947,0.0456452745066,0.00141078475533,0.0854743760005,0.00535200498412,0.0048148318973,0.0204580000702,0.0652973296616
104488,57638,then twists both ends of the wrapper closed. 這句當中，為什麼不是close而是closed呢？,0.00012670326766,0.0167407598564,0.0970270260627,0.0038470533601,0.247942145968,0.330533264844,0.0159890826849,0.0521892343424,0.00230420663138,0.0606721222483,0.0073417825269,0.00680139906247,0.0221080640275,0.136377155117
39665,88978,請問這句話為何要用being?,6.09440509312e-05,0.00877110217982,0.0374165495994,0.00170712948742,0.102353208436,0.269409290725,0.0271671862018,0.0282694880853,0.00105625160063,0.0517776182824,0.003170308402,0.00261405393317,0.0680168726825,0.398209996334
58822,103903,drum out的意思?,9.60161372894e-05,0.0102713193575,0.0542184559923,0.0026722110009,0.0300976045769,0.649022035119,0.0105335916259,0.0186116286844,0.00180231600623,0.0289421635203,0.00443245969848,0.00483905831395,0.0194190965497,0.165042043417
35968,12945,get sent to you 的用法是?,1.87448765066e-05,0.00864109723922,0.0562999541824,0.00131660703541,0.0330932201119,0.553615891694,0.0166743127749,0.0243848545821,0.000950964281368,0.036108083166,0.0055872743904,0.00232670729807,0.0254728499092,0.235509438459
34233,12945,fresh-squeezed 跟 better-tasting 一個用過去分詞一個用現在分詞 要如何使用是判斷被動不被動嗎?,0.000189932543347,0.0329267117224,0.0795760947812,0.00516173319657,0.316708356807,0.260762810114,0.0249488361261,0.0692106812585,0.00323655998262,0.0496952419522,0.0125896673867,0.00876550899913,0.0431127689925,0.0931150961377
75802,75204,"為什麼要用被動式? I ""was"" convinced...",8.00922169583e-05,0.00979770585542,0.0364678963909,0.00557997876314,0.0290280870131,0.504411582914,0.0146823390859,0.103526179464,0.00138275825894,0.0337141604752,0.00493646036644,0.00531416668505,0.179077839013,0.072000753498
46229,87230,spread不是動詞嗎?為何前面是用is，而不是用does呢?,3.54549972795e-05,0.0059493559024,0.0832239321305,0.00129567462237,0.0481724921286,0.531159368466,0.0131365049408,0.0405297247052,0.000972516509111,0.0589394653974,0.00613438572815,0.00479805308502,0.0182300454611,0.187423025926
120448,91662,dogs are most commonly infected with rabies. 請問這裡infected是被動還是形容詞?,5.05510748615e-05,0.00819731860434,0.0484922242838,0.00175116787769,0.0475147984377,0.533692042326,0.00951608025367,0.0395086306058,0.000930410423235,0.0669760486053,0.00363591824948,0.00460261376374,0.0661518455275,0.168980349967
104812,91662, it will help you get mentally motivated 這裡為何是用被動呢? get不是也可以加形容詞嗎? get motivated 這樣,3.34587964891e-05,0.00676242662604,0.0507338251601,0.00124065643801,0.0591341704956,0.627113105715,0.0145718720483,0.029380362831,0.00120260122422,0.0231011938757,0.00482086766084,0.00363666460267,0.0109406043986,0.167328190128
72532,91662,brainwashed 這句裡 這個字的詞性是?,0.000103192287025,0.0158900255983,0.109859700319,0.00287144400696,0.0793510689287,0.335316858732,0.0104989807527,0.0409076944708,0.00178184813619,0.0411703014286,0.00749128430097,0.00615402235702,0.0150731485506,0.333530430131
63389,91662,Faced with a plate of fried crickets 我感覺不出來這有被動語氣耶,0.0001138531858,0.0150525592354,0.0447395065717,0.00342582996423,0.0453180888138,0.535440357986,0.0133729370801,0.0393113115106,0.0019637541166,0.0500357438408,0.00579777806767,0.0060636264964,0.0652607627215,0.17410389041
51912,91662,為什麼是 you are left? 為什麼是接with呢?,7.49698236876e-06,0.00510780266947,0.0192021366514,0.000349891891317,0.0237185607673,0.767645490596,0.00409189391068,0.0196465514115,0.000196461823107,0.0168376364334,0.000571493169523,0.000843684825857,0.0342283016064,0.107552597262
6492,59745,Be+ing是甚麼文法?,1.0396318382e-05,0.00375919461873,0.0271720287302,0.000858032257053,0.252976769278,0.309588858133,0.0396051261606,0.00940983870851,0.0004488026862,0.0687939345916,0.00187768732332,0.0013020877663,0.0150871717815,0.269110071648
35115,35265, Everything we say can be drummed out.  為何是:我們說的每個東西可以被鼓打出來,1.47473402473e-06,0.000375647791308,0.0039261224434,6.83882139343e-05,0.00155459638273,0.96579805014,0.000594287005399,0.00196868760831,3.76059473052e-05,0.00629763554663,0.000178845337978,0.000245484657227,0.00221492702802,0.0167382471638
117417,59030,you being killed.. 為何用being? are呢?,3.44313366213e-05,0.00890497783158,0.0452106092735,0.00130018103882,0.0645402050578,0.415455657573,0.028758952976,0.0274216474386,0.000778079023909,0.0492402695527,0.00237017389174,0.00201642267331,0.0584921374539,0.295476254879
91138,59030, shortened 加上ed  是因為被動式  還是 為了變成形容詞?  還是兩者根本相同?,9.05179059071e-05,0.0110733764664,0.0289825544519,0.00245862477122,0.149648375772,0.525901730113,0.014084315693,0.0590412217724,0.00176315639922,0.0390253915092,0.00705824073393,0.00522337604695,0.0516897462857,0.103959372079
58571,99945,"of being+動詞,是被動的用法嗎?",3.74106338337e-06,0.00217495551254,0.0326407398897,0.000241007358215,0.0822548274595,0.288351356013,0.00445835184307,0.0123861364577,0.000107688006384,0.043008390363,0.00115270828055,0.000601271657083,0.0170494194389,0.515569406657
59433,90098,"Say ""she sells sea shells by the seashore,"" and say it with rhythm. 這一句想問shells不是本來就是貝殼的意思嘛? 為何前面要加一個""sea""，有什麼作用呢?",2.36315319732e-05,0.00586066705379,0.0479844929317,0.00100361872159,0.0267445567957,0.446491595587,0.00476043689723,0.0314322684207,0.000495497786722,0.0309335198347,0.00250280090355,0.0023554730526,0.0123362923356,0.387075148147
1649,54475,of being alive  這樣不就變成活著是被動式嗎?,4.2678274743e-05,0.00674140260227,0.0249551750778,0.00120530698518,0.0556578354768,0.381638564903,0.0114339234269,0.0254052912534,0.000751693207752,0.0505006414974,0.0023274068961,0.00244963682033,0.0826057326603,0.354284710918
38084,79440,If you're interested in being coached     being coached不懂這文法怎麼用 何時用,3.8437311994e-05,0.00901512935073,0.0590439837554,0.00216628751312,0.0699278064134,0.411681329755,0.0291710391412,0.0258180909124,0.000854694564236,0.0542588303931,0.00258099107295,0.0030569037728,0.0408304923066,0.291555983737
27411,63566,請問by the way在這裏應該要放置在哪個地方。。 ,2.37848520683e-05,0.00331702044651,0.0144448559714,0.000725856345403,0.0187463550096,0.738767602196,0.00319277521262,0.00906609277972,0.00045167531672,0.0240256002181,0.00167125947413,0.0014409417945,0.0229123515643,0.161213828819
33956,89452,drummed out 意思及用法,1.62197450783e-05,0.00372932407892,0.0304989120737,0.000761630760209,0.0129443281956,0.73981118053,0.00312964387473,0.00669148704074,0.000415228297432,0.021504274176,0.00153495005045,0.00150440590756,0.0164091763576,0.161049238912
21508,79132,"by the way/順便一提,在這句子的義意為何？",7.17869465898e-06,0.00138235271923,0.00970717312416,0.000257794828152,0.00691611888027,0.906095118213,0.00130632451471,0.00503556374677,0.000128388348697,0.00664397701557,0.000548445504602,0.000488835565605,0.0202876457579,0.0411950830868
43714,90317, two cards are shown 為什麼會有be動詞加上過去分詞的文法？,2.31989246711e-05,0.00741685638389,0.0325764375283,0.00126067776513,0.145268045487,0.575493605081,0.0118498674687,0.0409345376452,0.000846693911389,0.0559387316654,0.00352111328715,0.00200742927287,0.0157180245768,0.107144781002
31122,88690,不太懂'by the way'在這邊的使用方式跟意義,1.14895758503e-05,0.00201206419541,0.00972885070335,0.00035316109179,0.00982766506339,0.880438263216,0.00207746953799,0.00588153370105,0.000218802180492,0.0109286316071,0.000870368207008,0.00070274463732,0.016580388796,0.0603685674873
74910,98328,不太懂為什麼要用be動詞+Ved?? ,2.31813610059e-05,0.00521810234016,0.0351612289613,0.00131360306445,0.078909360935,0.622428456234,0.015719631938,0.018157969939,0.00101626171278,0.0406812361989,0.00566585916745,0.00283420010856,0.0265431080298,0.146327800009
55278,98328,you being killed 文法??,4.03761430927e-05,0.0136598125545,0.0545926005484,0.00193802894638,0.0855962591357,0.434644921661,0.0258223924486,0.0244103489791,0.000879580593234,0.0594185391567,0.00338833716468,0.00359976510407,0.0394556961973,0.252553341367
49088,97195,"by the way 放在中間,解釋?",4.52586907046e-06,0.000941800179023,0.0367303962184,0.000169074505566,0.00728151954653,0.78412120916,0.000979569698111,0.00470543023052,7.71678200652e-05,0.0101811685075,0.000343162769537,0.000429718911296,0.0173196677286,0.136715588856
49089,97195,"by the way 放在中間,解釋?",4.52586907046e-06,0.000941800179023,0.0367303962184,0.000169074505566,0.00728151954653,0.78412120916,0.000979569698111,0.00470543023052,7.71678200652e-05,0.0101811685075,0.000343162769537,0.000429718911296,0.0173196677286,0.136715588856
41484,84435, Everything we say can be drummed out. 請問老師被動的文法?,3.21599073321e-06,0.00107999458834,0.0127934137086,0.000196859904823,0.00619029919881,0.883123017475,0.00200334197681,0.00499826424731,9.12105295586e-05,0.0258599285381,0.000428473543326,0.000608268070292,0.0204670786015,0.0421566336269
25753,84435,by  the  way 在句中不是當順便一提解釋?,6.61420856044e-06,0.00118387958861,0.00954453688039,0.000226050168698,0.0108439598467,0.795023362334,0.00141444855334,0.00559937685651,0.000113369516007,0.00903251348042,0.000642533527585,0.000474796056354,0.0420696544341,0.123824904549
85962,102858,請問這裡的placed為什麼是使用ed呢？,0.000174762793002,0.0205325478506,0.0467229363565,0.00486251896065,0.161753717724,0.417777053643,0.0306188225889,0.143002553656,0.00301751617218,0.0435547525496,0.00806421449691,0.00742205078729,0.039659981405,0.0728365710165
85615,102858,請問這裡的designed為什麼是使用ed?,0.000190441457543,0.0221742746094,0.0413321355831,0.0052995825752,0.164917185471,0.398431958633,0.017038968527,0.145792912803,0.00328851693775,0.0580694904041,0.00878994107518,0.00808977481485,0.0576385886519,0.0689462284578
84027,102858,請問這裡的proven為什麼不是使用prove呢？,0.00039125416736,0.0374942453216,0.0845295323233,0.0108817391135,0.0852853593043,0.311480128777,0.0349443996475,0.0755354870193,0.00675402722172,0.0761080918718,0.0180421397517,0.0166065309657,0.0766144232561,0.165332641259
78947,102858,請問這裡的was convinced 是被動語態嗎？ 為什麼這麼使用?,9.56216211412e-05,0.0102712435329,0.035257008216,0.00454081686017,0.0263692392382,0.571032699107,0.0126858017664,0.0608854577942,0.0016418148422,0.0274554891047,0.00515443841938,0.00521478263108,0.169144050206,0.0702515366612
75472,102858,請問這裡的foraging是動名詞當名詞用嗎？,0.000221682690537,0.0206182754322,0.0855776070491,0.00610734189718,0.211974769532,0.197494777561,0.0192131126274,0.0488278869837,0.00380654469116,0.0452986448982,0.0164169187525,0.0128310775252,0.0263853408311,0.305226019529
72377,102858,請問這裡的supported和tailored分別是什麼詞性 是作為被動還是過去分詞當形容詞呢？,9.4026728756e-05,0.0148497470503,0.0746539946636,0.00255516137082,0.214497793683,0.291950654786,0.0115156237823,0.0965271004815,0.00199882792371,0.034033162158,0.00863344615686,0.00729067560253,0.0556913253149,0.185708460297
117626,62926,不好意思，請問為何這個助動詞是用is呢? spread是動詞的話，那助動詞應該用does才對啊?,6.09630548016e-05,0.0123600103282,0.059332539108,0.00231389226651,0.0679785150508,0.563355336655,0.0163605855578,0.0504006590377,0.00134467684393,0.0516017320888,0.00681491575995,0.00529242137882,0.0216586890368,0.141125063833
114445,62926,不好意思，我查了字後還是不太了解的get是什麼意思 請問不加get直接用sent to you不行嗎?,2.6855143383e-05,0.0067897247626,0.0330944587546,0.00107954397408,0.0271251233556,0.727961708698,0.0112912863624,0.0167994307416,0.000984400594826,0.019537147418,0.00431672229605,0.00210227611254,0.0126459704476,0.136245351339
109893,62926,不好意思，我不太理解為何這句要用you're left被動式? 還有這句的with是什麼意思呢?left是及物動詞，不加with不是也可以嗎?,1.16004260161e-05,0.004409625952,0.0179065396839,0.000447661376051,0.0244249782535,0.603365305852,0.00358730906918,0.0160230751206,0.000248942245997,0.0180786733211,0.00093016411593,0.00147826167905,0.0561612333124,0.252926629592
83536,62926,對不起，請問being coached為何要使用被動式呢? 還有coached on的on是什麼意思呢?,0.00013783035627,0.0158159180928,0.0553081368223,0.00418020174633,0.0707870548769,0.341159063209,0.0249818509051,0.0431347966444,0.00260532542109,0.0541817210826,0.00810323210648,0.00596879305072,0.0785753954635,0.295060680223
16573,62926,(be prepared to)不是 be+過去分詞的被動是結構嗎?那為何這裡是主動式呢,2.50182860952e-05,0.00607875470466,0.0276259115211,0.00156061835697,0.307935045515,0.466138376929,0.0167805380913,0.0378504840502,0.0016236294179,0.0322457995204,0.00526775563114,0.00304598976819,0.0288564703659,0.0649656078423
4887,62926,請問前面的are代表甚麼?,2.25042548938e-05,0.00835034829692,0.126052835187,0.000799472228399,0.0368512095813,0.558545875137,0.011301853344,0.0300027569053,0.000712400627674,0.0751833173606,0.00262375258495,0.0014803115975,0.0128796063016,0.135193756593
41326,89754,If you're interested in being coached  有3個問題  1. are interested 是否為過去分詞當形容詞用. being coached為表被動語態 2. being之用途為何? 3. 是片語 coached on 或為何使用介係詞 on   ,3.22057427391e-05,0.00558328818135,0.0674571316061,0.00138085645613,0.0775584535264,0.376981483336,0.0172059055378,0.0234761900225,0.000701929554025,0.0333933267307,0.00302278615752,0.00255529122293,0.066444172071,0.324206979855
82667,70429,yet proven是何詞性,8.49151840993e-05,0.0104749493592,0.226819845503,0.00242168374318,0.0680081031924,0.42766536178,0.00953062957594,0.0287695952326,0.00146202534598,0.0288207628284,0.00564566345855,0.00473531236836,0.0215222358881,0.16403891654
30842,70429,interested in 為何後面be+ing ,4.50601996833e-05,0.00649901467077,0.0404206086231,0.00177806817976,0.214552141306,0.341216530772,0.0339473048933,0.0204843193052,0.00131301814244,0.0534152733781,0.00466297205165,0.00284757502126,0.0326695627246,0.246148550732
42763,92895,"The idea of seeing ourselves being successful ,為何successful前要用being,我對這類的動名詞用法不是很了解?",4.94099005907e-05,0.0122612865331,0.0467811057604,0.00177116585434,0.10223180847,0.436332102098,0.0133142994439,0.023850590505,0.000992810239971,0.0558882622071,0.00455893785563,0.00348520476721,0.0247815741209,0.273701442244
41878,92895,a person's reaction to being asked out. 這個文法為何用being?,1.74508836039e-05,0.0041065063755,0.0219750303081,0.000716034965169,0.0343446185557,0.407446688554,0.0130194429284,0.008548837103,0.000398931184736,0.0369862160576,0.00169606201049,0.00162439827036,0.01821321522,0.450906567583
76488,85084,will 是助動詞，為什麼rejected不用原形動詞？謝謝老師！,4.94915506862e-05,0.0110953840011,0.0729750584885,0.00191010728588,0.138084671739,0.319745266214,0.0228709366431,0.096344476118,0.00183592044724,0.0437230050749,0.00710466997485,0.00234893617515,0.0188074199402,0.263104656348
42097,68269,為什麼 interest和coach要加ED？,0.000199831991276,0.0217777921041,0.0414794281847,0.00553078522799,0.117553050727,0.505220684403,0.0175741016028,0.104375846481,0.00344020235831,0.044706641919,0.00914150027765,0.00842099958357,0.0362864031998,0.0842927319398
20383,68269,Our brain is actually made up of mostly water 想請問為什麼是用made ?,4.95660330815e-05,0.0136605818901,0.0494351824046,0.00145197420321,0.0217385487854,0.577389774142,0.0136712554381,0.0725660138711,0.00102140545504,0.0650227358544,0.00370569452398,0.00458715382304,0.0216591289555,0.15404098462
36253,91695,為什麼judged在beV動詞後面加ed,0.000103129730358,0.0126246214689,0.0499065394579,0.00404743666406,0.198814160716,0.380162654634,0.0130555201054,0.0938237618261,0.00191945642548,0.0388758873109,0.0104111941944,0.00544857671458,0.0453856009286,0.145421459823
67152,95082,"請問為何這裡不是用the breast is left
而是用you're left？
這樣不是說
你被剩下？
",1.40331617146e-05,0.00481572951649,0.015793643641,0.000575409549314,0.0306741451834,0.765855367142,0.00605671329801,0.032352992987,0.000354839320357,0.0129283908489,0.00125529819382,0.00217805204066,0.0540034479144,0.0731419372031
43122,90964, you've been involved in.... 是被動式? 可以寫成you've involved in.... ?,1.24215416412e-05,0.0177878347507,0.0178151474561,0.000634587223081,0.0352410645292,0.813742332711,0.00676803722348,0.00860028931427,0.00027421637376,0.0143846952823,0.0012399511953,0.00102860730965,0.0240981514948,0.058372663595
31992,75378,"請問這邊的 get sent 是<被動>的形式嗎? 其中get的用法要如何使用,是後面加p.p就有如同beV+p.p的用法嗎? 謝謝老師",7.44015934204e-05,0.011735430997,0.0792209955242,0.00350749315518,0.0648782357377,0.340469800468,0.0174049296325,0.0473459258106,0.00194299443957,0.0474480943549,0.010019234758,0.00426773288771,0.0622004415664,0.309484289075
21319,75378,"如果今天constructed(及物動詞).被一個不及物動詞取代, 不及物動詞的被動式取代,該動詞後面需要接配合的介係詞嗎? 謝謝老師",9.64238770362e-05,0.00886625261495,0.042969262734,0.00264098958202,0.0696366701491,0.198085967586,0.0105488985326,0.0380497274251,0.00169110230972,0.0311462458269,0.00731094884339,0.00468973942371,0.0562640761705,0.528003694925
29324,48758,"""You are always judged by the way you perform"" 此處perform是動詞嗎?可以針對這種句型簡單說明嗎? ",1.72573178819e-06,0.000843646510015,0.00790202491941,7.8831648223e-05,0.0136561461526,0.937050895879,0.000809597873683,0.00340466055864,4.67561465826e-05,0.0075770821402,0.000263410213508,0.000201115319372,0.00571793606163,0.0224461708456
41753,90501,interested in being coached--&gt;為什麼不是 interested in coaching on ?,5.86778672311e-05,0.00788825330806,0.046817819509,0.00181168851784,0.0985945093761,0.41648776983,0.0168286065055,0.0299444677562,0.00108829004564,0.0482082599422,0.00365038522912,0.00280818546906,0.0332049193951,0.292608167249
108769,93132,making 是分詞構句嗎？他可以怎麼還原呢？,0.000159698594818,0.0202172804923,0.0993281416261,0.00488883828641,0.182669213523,0.272009836789,0.0463274247373,0.0436921259232,0.00271047852832,0.132924308338,0.0109877728159,0.00949275471585,0.0284649854888,0.146127140142
108768,93132,making 是分詞構句嗎？他可以怎麼還原呢？,0.000159698594818,0.0202172804923,0.0993281416261,0.00488883828641,0.182669213523,0.272009836789,0.0463274247373,0.0436921259232,0.00271047852832,0.132924308338,0.0109877728159,0.00949275471585,0.0284649854888,0.146127140142
41239,85699,being presented as可以怎麼解釋和為什麼文法這麼用,1.11228668783e-05,0.0040491665508,0.0491028851863,0.000585939237648,0.038964936837,0.632572516604,0.00579218566736,0.00821498275098,0.000221404200562,0.0241061032285,0.00155099712931,0.000906082427389,0.0137488323039,0.220172845009
46593,74757,不懂這句的文法You are always judged by the way you perform.,9.27609240268e-07,0.000618990865832,0.00363917812892,5.53392440289e-05,0.00971919741728,0.951827427218,0.000831707907519,0.00173267670516,2.5366060005e-05,0.00452314594064,0.000120338495071,0.000114626783869,0.00942282336155,0.0173682542625
85963,88339,請問老師and yet後面的proven是過去分詞嗎？ 不太理解這句的文法,1.80262274427e-05,0.00531579444574,0.0608535750092,0.000698313044711,0.117715927384,0.718912879396,0.00359420476786,0.0190858294784,0.000459839796479,0.0173515265101,0.00193040366832,0.00143430342914,0.00905629581298,0.0435730810297
6076,63692,"在這句為什麼是judged,  不是judge?",0.000197065560871,0.0189025585516,0.0426788483477,0.00548249551862,0.135753263752,0.536573761948,0.017617150423,0.0381138883932,0.00340240734614,0.0429412716156,0.00909180911476,0.00836796149574,0.0429894965483,0.0978880213851
22572,79308,請問為什麼是用by the way ?這不是順便一提或是幾分阻礙的意思嗎? ,9.70412177973e-06,0.00163722435476,0.00833691493495,0.000326070551873,0.00739925484688,0.897851072688,0.00134101022619,0.00452942277952,0.000165571424018,0.0066242622696,0.000659111874329,0.000538855112649,0.0212871050462,0.0492944197694
52999,98653,being coached 是要形容interested in---&gt;對指導有興趣 on how to do exactly that 是要形容coached --&gt;如何精準地做那件事的指導 所以結合兩者 對如何精準地做那件事的指導有興趣 文藝是這樣來的嗎,7.28494522864e-05,0.0096340591396,0.0554093292875,0.00262202699012,0.0817759011037,0.52358552837,0.0151135730604,0.0424135933391,0.00157765452907,0.0578647639967,0.00661809790839,0.00702015233569,0.0283874747288,0.167904995759
52995,98653,可以再仔細講一下這裡的句子嗎 尤其是 1.being coached 應該是分詞構句 或片語吧 主動ing 被動ed 可是這裡又ing又ed怪怪的不太懂 2.on how to do exactly that 為什麼有that ,6.17872792553e-06,0.0015066006946,0.0204827460599,0.000279539897075,0.0918688617049,0.733782446018,0.00360978732814,0.0149567321637,0.000136998236576,0.0255923064675,0.000711208285621,0.000961948381296,0.0132706041748,0.0928340418595
9722,41538,be left with... 就是剩下...的意思嗎?,2.08958831649e-05,0.00469437538573,0.0147181881948,0.000814982283749,0.0380018944,0.765287095839,0.00640529732883,0.0165679899517,0.000607715910074,0.015343101375,0.00169480082707,0.00178811201494,0.0582933709979,0.0757621796082
12019,70370,by the way,6.61420856044e-06,0.00118387958861,0.00954453688039,0.000226050168698,0.0108439598467,0.795023362334,0.00141444855334,0.00559937685651,0.000113369516007,0.00903251348042,0.000642533527585,0.000474796056354,0.0420696544341,0.123824904549
2982,54803,How is rabies spread? 這裡為什麼是用spread而不是spreading be動詞後不是要加ing嗎?,4.57133535332e-05,0.00714891770543,0.0637930451798,0.00246439021937,0.0772041377306,0.456620394031,0.0194135965512,0.0301097340735,0.0013756983563,0.0474721756274,0.00582159965503,0.00631323891802,0.0202783333182,0.261939025281
112590,79207,請問為什麼這裡securing用ing呢？ to be proactive 是被動語態嗎？,3.59556322828e-05,0.0060698024003,0.0221266636579,0.00185464527905,0.0913839664472,0.389238337308,0.0250186061929,0.0222001918764,0.00138944997955,0.0326103940757,0.0047426209953,0.00260874339651,0.125173701177,0.275546921581
37957,79207, judged 為何是過去分詞?,5.50545306469e-05,0.00822387839534,0.0129571478062,0.00152307020828,0.397025608995,0.440211354107,0.00596906636446,0.0613590878336,0.0014492462971,0.0184817429345,0.0033244999416,0.00231848547622,0.0179952243886,0.0291065327209
24368,25154,請問這裡的started是名詞嗎？,0.000126274448479,0.0130400572947,0.0419512460125,0.00316213160301,0.117619888425,0.493907508969,0.0240896552658,0.0397095110084,0.00224236484456,0.0431292823856,0.00907458393045,0.015753196218,0.0211155359619,0.175078763633
16047,60267,這裡的 you're left with ，用 be 動詞 + left   然後with的意思是什麼呢？,6.61215699462e-06,0.00316802632648,0.0150040945827,0.000327466607532,0.0397545932643,0.680153770364,0.00467958073126,0.0158974622783,0.000220836698437,0.0141561392566,0.000896045882058,0.00127946622166,0.0490484305768,0.175407475053
5952,59710,everyone  divided into 請問這裡是被動語態嗎？ 我看中文解釋是被動語態，但好像沒有be動詞？,3.00579612541e-05,0.00480699367246,0.0228525032413,0.00109016385186,0.0254091966601,0.707735031011,0.00685132098282,0.0154675886625,0.000734078227306,0.0198237708706,0.00278537309732,0.00200458798248,0.125498913664,0.064910420115
9958,60135,"Keep your posture erect, but not overly posed. 請問這裡的posed的詞性是動詞的被動語態,過去分詞嗎?",6.55233719057e-05,0.0111132192845,0.0545416212887,0.00225368569501,0.462119133697,0.226940431874,0.0113161882509,0.0497971004445,0.00159456077353,0.0324107550684,0.00702672551293,0.00392126763774,0.035239527153,0.101660259947
5906,60135,"And now you're left with the breast. 上面的left是剩下的意思,那是動詞嗎? 如果是動詞leave的過去分詞,那這句話是be動詞+ 過去分詞,是被動詞態嗎? 所以字面上的意思是""我被剩下來,和雞在一起""? 還是left不是動詞?抱歉,我搞糊塗了!",1.11176722734e-05,0.00391352456386,0.0199004942017,0.000484613648188,0.137983080786,0.612692820757,0.00375795712327,0.0453447964017,0.000340670000778,0.0164769507952,0.00215202198718,0.00147502096847,0.0546880741972,0.100778856897
4462,60135,"of being hurt, and of being held. 這裡是of being是指被....嗎? 想請問of這個介系詞在這裡的用法?(抱歉,我文法真的很差)",7.0156656156e-06,0.0026473650303,0.0215708324655,0.000281408623858,0.0380950389087,0.36447042286,0.00434528519655,0.0101751752287,0.00014271563019,0.0296444038088,0.000676158261935,0.00077762345929,0.00988943766629,0.517277117194
39498,84045,請問不能用sent to you就好了嗎? 一定要加get?,2.27630083463e-05,0.00812383850716,0.0430397808066,0.00130616891357,0.0241196892538,0.580121904798,0.0161442527121,0.0309455606403,0.000881120820961,0.0477912802326,0.00331342543271,0.00190000933506,0.0141747627121,0.228115442826
72102,80863,老師好喔～  這裡請教一下 為何要用being 這一直讓我搞不太清楚 ,2.34363285656e-05,0.00648699924616,0.00983302018202,0.000648236330428,0.0327759202413,0.802829626581,0.00493441356235,0.00954077040872,0.000452796951342,0.012939465788,0.00113729830663,0.00113128503394,0.015076211399,0.102190519641
9720,65591,want to do is  separate 請問為什麼do後面需要is is後面的separate 也沒加ing or ed 這句子怎麼構成的 謝謝,2.15792592189e-05,0.00413770145004,0.0668406895532,0.000920871887723,0.0492440175517,0.603391847489,0.0133659244283,0.0660556976534,0.000730850639185,0.034935565044,0.00473935576401,0.00384391288852,0.0149409195223,0.13683106687
45927,90972, I know that a lot of you are concerned about your future. a lot of you...為什麼很多人擔心...英文是這樣打 然後關心的用法通常是怎麼用，為什麼看起來像是被動式? there's no need to worry.為什麼用no need不是用isn't need...?,4.13533556394e-06,0.00270881266447,0.0213943139966,0.000218083082433,0.00854871565785,0.870259232936,0.00458623469516,0.0062101327242,0.000167093204398,0.0201791911215,0.000528581579932,0.000514682420327,0.00365463379041,0.0610261567912
38258,31026,"After being helped to his feet  , being在這的用法是什麼",3.53489012711e-05,0.00967600272345,0.0603688372953,0.00182340199354,0.101203729549,0.42737153942,0.0144435180307,0.0241296176318,0.000869505915586,0.0444771198063,0.00342547874148,0.00259369389077,0.0270658208747,0.282516385226
22502,31026,"And now you're left with the breast.  left是左邊的-形容詞,如果是leave -動詞? 要如何清楚 以及為何後面接 with",5.55038091022e-06,0.00235476315713,0.0172416270333,0.000223551399964,0.0334796053326,0.743096346571,0.00183354111329,0.0180360766861,0.00011822666728,0.0125036272462,0.000788063743347,0.000958429758518,0.0262342002545,0.143126390656
34888,90182,請問drummed out 是個片語嗎? 能否詳細說明? 謝謝,3.87864037023e-05,0.00435895231958,0.0441107923196,0.00106013000617,0.0176570322018,0.748597331923,0.00419933415231,0.011325378516,0.000801541450601,0.018718906244,0.00266827899524,0.00239371972408,0.0142740824638,0.12979573328
11632,59380,為什麼這裡的spread不是動詞呢?,0.000136653021358,0.0167848778655,0.0738318074198,0.00471126388107,0.10190257071,0.38018764531,0.0185838510875,0.0600122141376,0.00268882769774,0.0605300170736,0.0135508929679,0.00845884438919,0.0332687502566,0.225351784182
55937,101752,by the way在這是片語嗎？ㄧ般不是說順便ㄧ提是by the way,5.03083639163e-06,0.000856869795547,0.0100204203529,0.000169173928191,0.00935839519906,0.799753628131,0.00113834538613,0.00475710142689,8.60544306246e-05,0.00717357730534,0.000618622423241,0.000348157324815,0.0375888491931,0.128125774266
93616,90915,請問這裡的organized是當形容詞用還是配合前面的be動詞做被動用法?,2.59415273751e-05,0.0055848321911,0.100582346368,0.00124490246607,0.134203389299,0.300949899267,0.00916547626351,0.0270377974863,0.00100423871813,0.0643166880418,0.00815562713962,0.00390607614724,0.0586924726299,0.285130312455
39569,90915,這裡be taught 是被動用法嗎?那後面怎能直接接how to get that job? ,1.36337786149e-05,0.00501104282361,0.0565036099936,0.00116187305013,0.0180670893959,0.706945876151,0.00839487340363,0.0155641911146,0.000587231946518,0.0290689176583,0.00299638109915,0.00272127882706,0.0192105494907,0.133753451268
35497,90915, like composted?  compost我查字典只有及物動詞的意思，那這裡不需受格嗎?,9.86882255904e-05,0.00895733128931,0.0451760398413,0.00279882495426,0.12826095008,0.567368730683,0.00979383623706,0.0292591617357,0.00168725934456,0.0274786310299,0.00502608474649,0.00408370580271,0.0144204862126,0.155590269818
28603,82590,請問 If someone were to ask me how I am toda 中 were 是 are 的被動式，be動詞後面怎麼加 to 呢? to 不是應該加在 ask 後面?? 請老師解釋一下~,4.3972663088e-06,0.0020640849829,0.0207403392879,0.0119764380687,0.00782682777474,0.83389300902,0.00474774185124,0.0333652383005,0.000297568524666,0.0124395132358,0.00104938459472,0.000618416368069,0.0101068667861,0.0608701739387
60013,39755,此處的ground是被動語態嗎,0.000188174526947,0.0211691345501,0.0677300251536,0.00518142730582,0.0645233973364,0.337415694356,0.0185688838638,0.0632574750037,0.00323020615319,0.0534419724317,0.0094713337774,0.0085250402596,0.186288897295,0.161008337987
38282,74751,想請問上述by the way用法以及什麼稱為及物動詞、不及物動詞,1.09275338856e-05,0.00222047972121,0.0202418606929,0.000484764145586,0.0258846291876,0.334548929946,0.00244880822229,0.0100417115804,0.000234792204382,0.0225310960464,0.00152647878674,0.000887582997188,0.033341729969,0.545596208966
12475,62157,"請問這一句的heat及上一句的heat up,為何不用用被動式?tks",8.43100418679e-05,0.0111078034402,0.0625977604414,0.00256102751785,0.0395166207147,0.570033854157,0.0136692147877,0.0528231758841,0.00169391659472,0.0273923300828,0.00539887671445,0.00483036631781,0.077127381515,0.13116336179
10034,62157,請問這句是有縮寫嗎?不然為什不是The breast is left?tks. ,5.80057998307e-05,0.00899604823622,0.047506279695,0.00173660672174,0.0351199491773,0.635139127181,0.0118054030019,0.0371490466502,0.00115636718253,0.0297665316419,0.00424822661756,0.00545845112169,0.0617198963913,0.120140060582
10417,51279,get+過去分詞 是否也可是have been + bitten呢,1.64987763395e-05,0.0158810940809,0.0179251938798,0.000755141762242,0.121972445281,0.738236327415,0.00392615827599,0.0279031014371,0.00046822203032,0.0126422745142,0.00179197255772,0.00115825807162,0.00590026689143,0.0514230450256
9257,51279,"這句中的spread是當名詞? 若這句的spread當動詞, 可否寫成 How does rabies spread?",0.000182458388937,0.0193772991255,0.0820131511224,0.0071604385587,0.0538384182071,0.497321962497,0.0218623064425,0.038946400961,0.00325430735683,0.0665321039017,0.0101351777911,0.0127676538511,0.0264010669172,0.160207254878
20200,17978,請問by the way的意思是?,6.61420856044e-06,0.00118387958861,0.00954453688039,0.000226050168698,0.0108439598467,0.795023362334,0.00141444855334,0.00559937685651,0.000113369516007,0.00903251348042,0.000642533527585,0.000474796056354,0.0420696544341,0.123824904549
46788,91755,The kids were forced to finish their homework first. 請問同為被動式，為什麼這個用were，句子上用are呢?謝謝,3.78119588792e-05,0.00666816739727,0.0499758538433,0.004499380472,0.0247381973405,0.555255941419,0.0110822179507,0.09513019253,0.000926485616708,0.0591926611597,0.00339242643184,0.00235193767183,0.0380121595031,0.148736566706
43679,91755,請問這be put outside算是被動式嗎??謝謝,8.18609307147e-05,0.00953147954671,0.0372389322642,0.00391377945854,0.0523393193312,0.543111400998,0.0190701758246,0.0264619253801,0.00277567363336,0.0404992826417,0.00677997536645,0.0045384750274,0.0664329004922,0.187224819104
99224,65698,"您好想要請教這句若是改成 a person's reaction to be asked out 是否也可以呢?或者意義上有所不同呢? 因為自己念的時候會不自覺唸成 to be asked out 不知道是不是語感上的問題, 覺得念to being asked out唸得不太順 thanks!",6.50668820504e-06,0.00186794577099,0.0109080319025,0.000328855712393,0.00862617595381,0.826860854126,0.00419453052848,0.00446975317184,0.000229837609682,0.0147024328123,0.0014876851737,0.000673869614364,0.00581372482322,0.119829796113
19338,78579,by the way有順便一提之意，在這句子中如何解釋較合適呢?,2.54400523113e-05,0.00582219559075,0.0485479366027,0.00090900559307,0.027689508738,0.701860148831,0.00487568911365,0.0179323011643,0.000450832527483,0.023510248676,0.0018254028155,0.00182458161738,0.0313680044241,0.133358704253
25626,84365,我想請問by the way的意義跟用法,5.62825667065e-06,0.00195811993305,0.0162614851008,0.000334600035967,0.0179833108884,0.740349192742,0.00148355072003,0.00667218604659,0.000124750208708,0.0134090985319,0.000809544777615,0.000503541945155,0.0292817364388,0.170823254374
45019,93783,"想請問一下,這裡的left 是當被動用嗎? 是指雞胸被留下來的意思嗎?",0.000188778894495,0.0239953204653,0.0593549018753,0.00519965709239,0.124848610212,0.404644749918,0.0163495224082,0.0775454246255,0.00386493176283,0.0514507371173,0.0106150011773,0.00922732794399,0.0667836863396,0.145931350168
63017,71979,為什麼這裡的are和offered兩個動詞可以放在一起? 還有為什麼choose是ing的形式?,2.98921085523e-05,0.00652978942811,0.0894513452212,0.00120732123924,0.102628888854,0.285201564938,0.0111287325232,0.048519946175,0.000579056195279,0.046090579498,0.00293923643993,0.00241704394261,0.0215375536669,0.38173904977
49169,71979,這裡的require可以和need/demand替換嗎?,0.000134526129419,0.0240692807224,0.0864261090609,0.00418613400906,0.0650126526091,0.287155115874,0.0240927016538,0.0547827744224,0.00245825571944,0.103780688433,0.0107891729837,0.00798093713954,0.0481027914474,0.281028859796
34329,71979,"分詞構句的用法: 1.省略連接詞 2.省駱主詞 3.動詞改為ing 我記得這是學校老師講的, 我這樣歸納對嗎?",4.82111670342e-05,0.00867128347241,0.124047284912,0.00189906444936,0.239652078919,0.241768498273,0.0149861989668,0.0237204123559,0.00108719037533,0.119594107507,0.00524355491245,0.00382194626453,0.0182156086439,0.197244559781
32939,71979,這裡的found可以和find替換嗎?,7.63356362249e-05,0.0142103035033,0.0561712234222,0.00250907471931,0.128050260971,0.368670086361,0.0094705721662,0.0978565726537,0.00129503923704,0.072816822552,0.00657552933112,0.00490727239524,0.028447429138,0.208943477913
13002,71979,請問這有用到被動嗎? 通常被動式不是搭配過去分詞(p.p.)?,0.000116744266551,0.0139822923068,0.0422384700205,0.00319076709123,0.134680362574,0.521053537948,0.0135199822268,0.0750225612198,0.00257905203069,0.0395761324158,0.00777992589409,0.00659660727906,0.0325112363862,0.10715232834
52388,98658,這裡是不是也可以說is closely to match another common domesticated animal?,0.000100000690143,0.0166376044416,0.0658000759916,0.00435442845402,0.0605740658952,0.478524059959,0.0206445758727,0.0468268526329,0.00244134889488,0.0623342765213,0.010284173155,0.0120947393846,0.0264814449923,0.192902353115
10477,5165,這句話前面是are always judged 是被動式表被評論，但後面的by the way you perform有點不太懂，想請問是為何要用by 這個介係詞??,5.29202699141e-06,0.00124148271222,0.00813660397636,0.000190951539296,0.0153958876938,0.888016988919,0.00153395993505,0.00472644186976,0.000121350818763,0.00661081786325,0.000478465705374,0.000371185421419,0.0195832400166,0.0535873315024
23008,66213,"it's forced to rise對這句話的文法不是很了解,在這個句子當中 forced 是甚麼詞?rise又是甚麼詞?",9.17963336702e-05,0.025538937434,0.0782362674091,0.00475579539018,0.0790032016761,0.467485540815,0.0172566262133,0.0385886859506,0.00224410121474,0.0698110799164,0.00741569398147,0.00695428787755,0.0229084324597,0.179709553328
77561,95638,will be這個用法要怎麼用? ,1.04765560656e-05,0.00508004939268,0.0489487183941,0.00131820095048,0.0423539012571,0.70683173167,0.0335106366446,0.0259921721155,0.00182768417695,0.0242673497409,0.00263948001433,0.00118137935497,0.016690101682,0.0893481180507
102209,100031,"請問從那裏可以看出這句子是被動句？尤其是""we are very rarely taught"" 這句",5.67719837849e-05,0.0126732077792,0.0674742299965,0.00199861157095,0.0306886196115,0.663002283165,0.0130958217075,0.0321569488078,0.00106394573255,0.0492193358591,0.00363529686489,0.00372064835255,0.0216270735331,0.0995872050359
116390,85809,"還有後面的given the chance是不是也是由I've given the chance簡化而來的,也是分詞構句的用法嗎？",6.66756950449e-05,0.0269191121056,0.0459084879963,0.00280571938443,0.0796556335959,0.534476113446,0.00966236325352,0.0236179887998,0.00125207317953,0.0556803276827,0.00585277585461,0.00424007644405,0.0372155102521,0.17264714231
97574,85809,請問simmered前面是不是有省略that is呢？,2.2809458447e-05,0.00518969801646,0.122213534054,0.000624795048467,0.0358613658882,0.427899143636,0.00737238699796,0.0260225110135,0.000535505919984,0.223929150638,0.00322138891187,0.00604596759435,0.0113051303156,0.129756612507
89178,85809,"請問detect用過去分詞detected,是要表示""被察覺""的意思嗎？",9.10376794159e-05,0.0102269806961,0.0570783129668,0.00367145186321,0.372470617751,0.361365117247,0.0132219304943,0.0452453171949,0.0015715086588,0.0356428200957,0.00581057281367,0.00386384271285,0.0162140893817,0.0735264004447
25369,83857,by the way的用法及意思,3.25339050602e-06,0.0012251016571,0.0131685197603,0.000189619624684,0.0115772854548,0.769321409081,0.0011489867451,0.00533225545048,7.70611989154e-05,0.0119498730727,0.000629089772511,0.000354341404887,0.034925003976,0.150098199411
23709,79115,drummed    後面 加 ed是指?? 及動詞跟不及動詞  差別在哪 ,5.63831167689e-05,0.0115201476861,0.0240433187463,0.00183512053168,0.0891625424198,0.588345393803,0.00985650602715,0.066582136362,0.00132483185949,0.0388703182605,0.00617339549761,0.00334258410403,0.0276262582343,0.131261063352
82978,99220,"that women be involved 請問這裡的be involved, 是被動語態嗎? 如果改成that women should involve 有什麼不同?",8.17347048156e-05,0.0166864140151,0.0611390238122,0.00306309443938,0.0741062164172,0.451757779152,0.0281024122412,0.0419452349961,0.00210054042994,0.0649015629146,0.00813529694915,0.00622111701185,0.112084636557,0.129674936359
13133,73254,"Ah... ""Will"" means ""William""  ~~~I see!!",0.000182056081917,0.018374793242,0.0859576236348,0.0047446068258,0.0516264060322,0.562699319219,0.0252501391145,0.099392117197,0.00422109632981,0.0398153566218,0.0079332909252,0.00637866538243,0.0177524456836,0.0756720837097
38450,67476,這句的could be put 這不是一助動詞二動詞嗎? 這是什麼句型?,4.28563368571e-05,0.00623304386526,0.0424067080265,0.00287221988499,0.0657942230311,0.662555141648,0.0169360953853,0.0499195392653,0.00202223432519,0.0519607974103,0.00373906382207,0.00394241589794,0.0184749745046,0.0731006865963
9731,67476,But we're very rarely taught how to get that job 這句是被動語態嗎?,1.15182382633e-05,0.00312117914655,0.0458384387025,0.000520269150397,0.00660015674382,0.812913045069,0.00514872589042,0.0102768757649,0.000296422809737,0.0153592356932,0.0012455405902,0.00182435260957,0.0155727058824,0.0812715337092
31117,74753,請問為什麼coached前面要加being?感謝~,7.21000614862e-05,0.0125536052392,0.064554434024,0.00198815399094,0.0802597407618,0.355570106318,0.0176579332196,0.0391167383018,0.00146304958339,0.0655697790345,0.00611934712722,0.00405131875573,0.0408134904331,0.310210203149
20264,74753,請問句中為何不是用can而是用can be? 謝謝,3.30899988506e-05,0.0101558346608,0.0336371548469,0.00201180924741,0.0520418145489,0.646620771276,0.00884035628894,0.0602283012233,0.00097018894214,0.0706238535979,0.00393320013879,0.00513670444265,0.0226274417423,0.0831394790453
59312,99071,by the way是一個片語嗎,5.87228342228e-06,0.000920830699468,0.0128225340627,0.000192166943976,0.0102430584336,0.787259108727,0.00129456232081,0.00537978281831,0.000100474548249,0.00743531398097,0.000808240600621,0.000379597647566,0.0353191451982,0.137839311735
